	D:\RTS 2.0\Data\Walker, Alex_AW\2026-04-02_\DJ 1.c3d	D:\RTS 2.0\Data\Walker, Alex_AW\2026-04-02_\DJ 1.c3d	D:\RTS 2.0\Data\Walker, Alex_AW\2026-04-02_\DJ 1.c3d	D:\RTS 2.0\Data\Walker, Alex_AW\2026-04-02_\DJ 1.c3d	D:\RTS 2.0\Data\Walker, Alex_AW\2026-04-02_\DJ 1.c3d	D:\RTS 2.0\Data\Walker, Alex_AW\2026-04-02_\DJ 1.c3d	D:\RTS 2.0\Data\Walker, Alex_AW\2026-04-02_\DJ 2.c3d	D:\RTS 2.0\Data\Walker, Alex_AW\2026-04-02_\DJ 2.c3d	D:\RTS 2.0\Data\Walker, Alex_AW\2026-04-02_\DJ 2.c3d	D:\RTS 2.0\Data\Walker, Alex_AW\2026-04-02_\DJ 2.c3d	D:\RTS 2.0\Data\Walker, Alex_AW\2026-04-02_\DJ 2.c3d	D:\RTS 2.0\Data\Walker, Alex_AW\2026-04-02_\DJ 2.c3d	D:\RTS 2.0\Data\Walker, Alex_AW\2026-04-02_\DJ 3.c3d	D:\RTS 2.0\Data\Walker, Alex_AW\2026-04-02_\DJ 3.c3d	D:\RTS 2.0\Data\Walker, Alex_AW\2026-04-02_\DJ 3.c3d	D:\RTS 2.0\Data\Walker, Alex_AW\2026-04-02_\DJ 3.c3d	D:\RTS 2.0\Data\Walker, Alex_AW\2026-04-02_\DJ 3.c3d	D:\RTS 2.0\Data\Walker, Alex_AW\2026-04-02_\DJ 3.c3d
	L_Knee_Moment	L_Knee_Moment	L_Knee_Moment	R_Knee_Moment	R_Knee_Moment	R_Knee_Moment	L_Knee_Moment	L_Knee_Moment	L_Knee_Moment	R_Knee_Moment	R_Knee_Moment	R_Knee_Moment	L_Knee_Moment	L_Knee_Moment	L_Knee_Moment	R_Knee_Moment	R_Knee_Moment	R_Knee_Moment
	LINK_MODEL_BASED	LINK_MODEL_BASED	LINK_MODEL_BASED	LINK_MODEL_BASED	LINK_MODEL_BASED	LINK_MODEL_BASED	LINK_MODEL_BASED	LINK_MODEL_BASED	LINK_MODEL_BASED	LINK_MODEL_BASED	LINK_MODEL_BASED	LINK_MODEL_BASED	LINK_MODEL_BASED	LINK_MODEL_BASED	LINK_MODEL_BASED	LINK_MODEL_BASED	LINK_MODEL_BASED	LINK_MODEL_BASED
	ORIGINAL	ORIGINAL	ORIGINAL	ORIGINAL	ORIGINAL	ORIGINAL	ORIGINAL	ORIGINAL	ORIGINAL	ORIGINAL	ORIGINAL	ORIGINAL	ORIGINAL	ORIGINAL	ORIGINAL	ORIGINAL	ORIGINAL	ORIGINAL
ITEM	X	Y	Z	X	Y	Z	X	Y	Z	X	Y	Z	X	Y	Z	X	Y	Z
1																		
2																		
3	-3.01	-4.44	0.41	-0.63	-0.50	0.03	0.96	-6.18	0.17	1.35	-1.81	0.03	-2.32	-5.02	0.65	0.18	-1.03	0.06
4	-4.42	-4.28	0.53	-2.16	-0.42	0.03	-0.90	-6.07	0.33	0.21	-1.90	0.03	-4.28	-4.99	0.81	-0.65	-1.42	0.10
5	-5.84	-4.03	0.64	-3.75	-0.33	0.03	-2.98	-5.80	0.49	-1.10	-1.95	0.03	-6.41	-4.81	0.97	-1.65	-1.84	0.16
6	-7.32	-3.64	0.75	-5.49	-0.14	0.01	-5.13	-5.46	0.66	-2.53	-1.96	0.03	-8.58	-4.52	1.12	-2.78	-2.23	0.22
7	-8.72	-3.21	0.84	-7.25	0.04	-0.00	-7.39	-5.02	0.83	-4.07	-1.91	0.03	-10.71	-4.16	1.26	-3.98	-2.64	0.30
8	-10.10	-2.69	0.92	-9.03	0.27	-0.02	-9.68	-4.53	0.99	-5.64	-1.87	0.05	-12.81	-3.71	1.38	-5.29	-3.01	0.40
9	-11.38	-2.12	0.96	-10.80	0.50	-0.05	-11.90	-4.02	1.14	-7.32	-1.80	0.06	-14.71	-3.24	1.48	-6.57	-3.37	0.52
10	-12.42	-1.56	0.99	-12.47	0.74	-0.08	-14.13	-3.48	1.27	-8.94	-1.75	0.09	-16.37	-2.74	1.55	-7.93	-3.68	0.65
11	26.84	-3.32	-0.71	-13.98	0.96	-0.11	-16.13	-2.96	1.38	-10.60	-1.70	0.13	4.52	-9.57	0.52	-9.13	-3.96	0.81
12	30.18	-2.72	-0.89	-15.68	-32.14	4.44	-18.00	-2.46	1.47	-12.18	-1.68	0.19	5.47	-9.62	0.74	-1.97	-16.34	2.32
13	33.81	-2.24	-1.10	-15.12	-31.20	5.19	12.80	-5.48	-0.49	-13.63	-1.66	0.26	7.24	-9.57	0.99	-0.10	-14.37	2.65
14	37.86	-1.97	-1.30	-13.40	-29.97	5.89	14.42	-5.05	-0.51	-14.90	-1.72	0.35	9.94	-9.42	1.28	2.43	-12.30	2.93
15	42.28	-1.88	-1.49	-10.47	-28.53	6.55	16.72	-4.63	-0.53	-22.94	-31.77	4.03	13.55	-9.15	1.58	5.49	-10.28	3.18
16	47.11	-1.99	-1.65	-6.49	-26.98	7.15	19.67	-4.22	-0.54	-22.36	-30.00	4.80	18.22	-8.82	1.91	9.09	-8.38	3.39
17	52.25	-2.31	-1.76	-1.39	-25.46	7.71	23.35	-3.83	-0.53	-20.62	-27.72	5.49	23.77	-8.41	2.24	13.19	-6.76	3.60
18	57.79	-2.82	-1.81	4.49	-24.06	8.23	27.69	-3.43	-0.52	-17.77	-25.07	6.10	30.16	-7.96	2.56	17.59	-5.49	3.81
19	63.45	-3.44	-1.81	11.01	-22.87	8.75	32.73	-3.09	-0.48	-13.86	-22.14	6.59	37.20	-7.51	2.87	22.30	-4.62	4.06
20	69.37	-4.19	-1.76	17.95	-21.93	9.27	38.28	-2.76	-0.45	-8.90	-19.12	7.00	44.78	-7.03	3.14	27.16	-4.15	4.37
21	75.39	-5.03	-1.67	25.10	-21.22	9.81	44.23	-2.47	-0.42	-3.15	-16.15	7.30	52.73	-6.60	3.38	32.09	-4.09	4.76
22	81.50	-5.94	-1.52	32.37	-20.76	10.40	50.54	-2.23	-0.39	3.26	-13.37	7.51	60.87	-6.22	3.59	37.06	-4.35	5.22
23	87.59	-6.91	-1.31	39.49	-20.50	11.03	56.90	-2.00	-0.40	10.07	-10.86	7.66	69.10	-5.96	3.81	42.00	-4.95	5.81
24	93.68	-7.98	-1.02	46.50	-20.45	11.74	63.47	-1.86	-0.41	17.13	-8.67	7.76	77.28	-5.82	4.04	46.81	-5.79	6.47
25	99.55	-9.07	-0.66	53.11	-20.57	12.53	69.96	-1.77	-0.44	24.23	-6.84	7.84	85.17	-5.81	4.31	51.52	-6.89	7.27
26	105.18	-10.21	-0.20	59.34	-20.85	13.41	76.48	-1.80	-0.44	31.30	-5.41	7.94	92.75	-5.96	4.64	56.02	-8.15	8.15
27	110.45	-11.34	0.33	65.09	-21.25	14.36	82.81	-1.94	-0.43	38.13	-4.35	8.05	99.83	-6.23	5.05	60.20	-9.55	9.13
28	115.21	-12.43	0.93	70.18	-21.73	15.37	88.95	-2.21	-0.36	44.68	-3.70	8.23	106.29	-6.58	5.52	64.15	-11.01	10.17
29	119.49	-13.44	1.57	74.76	-22.27	16.39	94.76	-2.58	-0.23	50.89	-3.41	8.46	112.06	-6.97	6.04	67.72	-12.50	11.24
30	123.08	-14.32	2.20	78.56	-22.82	17.40	100.18	-3.08	-0.03	56.54	-3.47	8.76	117.10	-7.37	6.59	70.97	-13.98	12.34
31	126.11	-15.06	2.83	81.69	-23.36	18.39	105.18	-3.66	0.23	61.72	-3.83	9.10	121.34	-7.73	7.15	73.82	-15.39	13.41
32	128.44	-15.63	3.42	84.18	-23.84	19.30	109.56	-4.29	0.54	66.37	-4.45	9.48	124.80	-8.04	7.71	76.30	-16.72	14.47
33	130.21	-16.02	3.98	86.06	-24.28	20.17	113.31	-4.93	0.89	70.41	-5.28	9.86	127.53	-8.26	8.26	78.44	-17.93	15.47
34	131.36	-16.22	4.49	87.26	-24.60	20.91	116.55	-5.60	1.28	73.81	-6.25	10.24	129.53	-8.40	8.78	80.20	-19.02	16.42
35	131.95	-16.25	4.94	88.03	-24.84	21.61	119.03	-6.21	1.66	76.72	-7.34	10.62	130.94	-8.47	9.30	81.70	-19.96	17.32
36	132.13	-16.11	5.35	88.32	-24.95	22.17	120.97	-6.78	2.05	78.95	-8.46	10.95	131.79	-8.46	9.82	82.90	-20.75	18.14
37	131.92	-15.83	5.73	88.22	-24.98	22.68	122.27	-7.27	2.43	80.74	-9.59	11.24	132.10	-8.35	10.32	83.89	-21.40	18.90
38	131.29	-15.39	6.05	87.78	-24.87	23.06	123.07	-7.68	2.79	81.98	-10.68	11.48	132.05	-8.21	10.83	84.60	-21.91	19.59
39	130.51	-14.87	6.37	87.13	-24.67	23.39	123.39	-7.99	3.11	82.78	-11.71	11.66	131.61	-7.98	11.33	85.17	-22.27	20.20
40	129.41	-14.23	6.65	86.27	-24.38	23.62	123.31	-8.21	3.40	83.17	-12.66	11.79	130.92	-7.72	11.86	85.60	-22.50	20.74
41	128.18	-13.53	6.94	85.25	-24.01	23.80	122.87	-8.33	3.63	83.19	-13.52	11.87	129.92	-7.39	12.37	85.85	-22.63	21.22
42	126.81	-12.79	7.22	84.17	-23.57	23.91	122.16	-8.38	3.84	82.88	-14.29	11.88	128.79	-7.05	12.91	86.02	-22.62	21.58
43	125.32	-12.02	7.52	82.95	-23.07	23.95	121.18	-8.33	4.01	82.32	-14.98	11.87	127.53	-6.67	13.44	86.05	-22.52	21.89
44	123.76	-11.24	7.82	81.77	-22.55	24.00	120.08	-8.23	4.15	81.55	-15.59	11.84	126.11	-6.26	13.96	86.00	-22.32	22.09
45	122.08	-10.47	8.14	80.56	-21.98	23.98	118.72	-8.04	4.27	80.53	-16.13	11.78	124.66	-5.85	14.49	85.85	-22.04	22.23
46	120.43	-9.73	8.51	79.40	-21.40	23.96	117.31	-7.82	4.37	79.47	-16.62	11.73	123.16	-5.42	15.00	85.63	-21.70	22.30
47	118.71	-9.02	8.89	78.25	-20.82	23.92	115.83	-7.55	4.48	78.23	-17.06	11.70	121.66	-5.00	15.52	85.27	-21.29	22.29
48	117.01	-8.36	9.32	77.19	-20.23	23.88	114.21	-7.24	4.57	76.95	-17.46	11.69	120.16	-4.56	16.04	84.89	-20.84	22.25
49	115.28	-7.75	9.78	76.14	-19.64	23.85	112.60	-6.91	4.67	75.60	-17.81	11.72	118.70	-4.12	16.57	84.43	-20.35	22.18
50	113.65	-7.19	10.32	75.22	-19.06	23.80	110.92	-6.54	4.77	74.21	-18.13	11.79	117.29	-3.69	17.10	83.90	-19.82	22.07
51	112.01	-6.67	10.88	74.30	-18.48	23.79	109.29	-6.17	4.88	72.85	-18.41	11.89	115.94	-3.25	17.64	83.31	-19.27	21.98
52	110.36	-6.20	11.50	73.45	-17.91	23.75	107.63	-5.77	5.00	71.40	-18.64	12.03	114.67	-2.81	18.20	82.69	-18.71	21.91
53	108.89	-5.79	12.21	72.68	-17.35	23.75	106.00	-5.37	5.12	70.05	-18.83	12.21	113.44	-2.36	18.76	82.00	-18.13	21.83
54	107.35	-5.40	12.93	71.93	-16.78	23.76	104.44	-4.96	5.26	68.67	-18.95	12.41	112.33	-1.92	19.34	81.31	-17.54	21.82
55	105.96	-5.07	13.74	71.22	-16.23	23.79	102.89	-4.54	5.39	67.32	-19.01	12.63	111.29	-1.47	19.94	80.52	-16.93	21.84
56	104.63	-4.77	14.61	70.58	-15.67	23.85	101.44	-4.12	5.54	66.00	-19.00	12.88	110.35	-1.03	20.57	79.84	-16.33	21.94
57	103.37	-4.49	15.53	69.94	-15.12	23.93	100.09	-3.70	5.71	64.77	-18.93	13.16	109.47	-0.58	21.21	79.01	-15.71	22.06
58	102.19	-4.24	16.50	69.43	-14.58	24.06	98.77	-3.27	5.86	63.53	-18.78	13.44	108.69	-0.14	21.88	78.28	-15.09	22.26
59	101.13	-4.01	17.53	68.84	-14.03	24.22	97.63	-2.85	6.04	62.46	-18.58	13.75	108.01	0.31	22.58	77.56	-14.46	22.55
60	100.12	-3.79	18.58	68.36	-13.50	24.44	96.55	-2.43	6.22	61.36	-18.30	14.09	107.42	0.76	23.30	76.83	-13.83	22.88
61	99.22	-3.58	19.67	67.90	-12.96	24.70	95.60	-2.02	6.42	60.44	-17.96	14.42	106.90	1.21	24.02	76.15	-13.19	23.30
62	98.45	-3.38	20.79	67.44	-12.45	25.03	94.81	-1.61	6.63	59.56	-17.56	14.79	106.50	1.66	24.76	75.52	-12.55	23.79
63	97.70	-3.17	21.93	67.04	-11.93	25.40	94.11	-1.21	6.86	58.79	-17.11	15.18	106.17	2.12	25.51	74.92	-11.91	24.36
64	97.14	-2.97	23.09	66.65	-11.43	25.86	93.57	-0.81	7.11	58.12	-16.61	15.59	105.90	2.58	26.23	74.42	-11.27	25.00
65	96.61	-2.75	24.24	66.35	-10.95	26.38	93.10	-0.41	7.37	57.55	-16.08	16.04	105.77	3.04	26.99	73.91	-10.63	25.69
66	96.24	-2.54	25.40	66.01	-10.47	26.93	92.85	-0.02	7.68	57.05	-15.51	16.53	105.66	3.51	27.70	73.54	-10.01	26.47
67	95.88	-2.30	26.54	65.79	-10.01	27.60	92.60	0.38	7.98	56.71	-14.91	17.05	105.66	3.98	28.41	73.18	-9.39	27.29
68	95.69	-2.07	27.68	65.58	-9.57	28.30	92.54	0.78	8.34	56.39	-14.29	17.61	105.71	4.46	29.09	72.95	-8.79	28.19
69	95.57	-1.83	28.80	65.45	-9.14	29.08	92.57	1.18	8.71	56.22	-13.64	18.21	105.85	4.92	29.76	72.72	-8.20	29.12
70	95.58	-1.58	29.91	65.37	-8.72	29.91	92.66	1.58	9.08	56.08	-12.98	18.84	106.06	5.39	30.40	72.64	-7.63	30.13
71	95.60	-1.31	30.97	65.34	-8.32	30.79	92.91	1.99	9.50	56.06	-12.30	19.52	106.29	5.86	31.00	72.54	-7.08	31.15
72	95.78	-1.05	32.01	65.44	-7.93	31.74	93.20	2.41	9.92	56.07	-11.61	20.23	106.60	6.31	31.58	72.60	-6.55	32.24
73	96.03	-0.77	33.03	65.58	-7.55	32.73	93.61	2.83	10.36	56.22	-10.91	20.98	106.95	6.76	32.13	72.69	-6.05	33.34
74	96.36	-0.49	34.01	65.76	-7.17	33.74	94.10	3.26	10.82	56.36	-10.21	21.75	107.34	7.19	32.65	72.81	-5.57	34.46
75	96.76	-0.21	34.94	66.12	-6.81	34.83	94.64	3.69	11.27	56.61	-9.50	22.56	107.75	7.61	33.14	73.03	-5.12	35.62
76	97.22	0.08	35.84	66.48	-6.46	35.91	95.30	4.13	11.74	56.92	-8.78	23.41	108.18	8.00	33.61	73.34	-4.70	36.78
77	97.76	0.37	36.71	66.90	-6.11	37.02	95.96	4.57	12.19	57.27	-8.07	24.28	108.64	8.36	34.05	73.63	-4.31	37.93
78	98.37	0.65	37.54	67.43	-5.78	38.14	96.71	5.01	12.64	57.68	-7.36	25.15	109.07	8.70	34.46	74.00	-3.96	39.09
79	98.98	0.93	38.33	68.01	-5.45	39.27	97.47	5.45	13.09	58.18	-6.66	26.05	109.50	9.00	34.83	74.43	-3.64	40.23
80	99.71	1.19	39.11	68.66	-5.14	40.41	98.29	5.87	13.55	58.71	-5.97	26.97	109.93	9.26	35.20	74.85	-3.36	41.35
81	100.36	1.46	39.81	69.33	-4.83	41.50	99.09	6.29	13.99	59.33	-5.29	27.88	110.33	9.47	35.52	75.30	-3.11	42.45
82	101.13	1.70	40.51	70.03	-4.54	42.61	99.94	6.68	14.44	59.94	-4.62	28.81	110.70	9.64	35.82	75.75	-2.90	43.51
83	101.86	1.94	41.16	70.81	-4.27	43.68	100.75	7.05	14.88	60.69	-3.97	29.73	111.01	9.75	36.08	76.22	-2.73	44.54
84	102.63	2.16	41.78	71.55	-4.02	44.71	101.57	7.40	15.32	61.41	-3.35	30.66	111.31	9.81	36.32	76.63	-2.60	45.53
85	103.36	2.36	42.36	72.34	-3.78	45.75	102.39	7.70	15.76	62.23	-2.75	31.57	111.51	9.81	36.49	77.07	-2.51	46.47
86	104.13	2.54	42.91	73.08	-3.57	46.71	103.19	7.97	16.19	63.04	-2.18	32.48	111.68	9.75	36.64	77.37	-2.46	47.32
87	104.86	2.70	43.42	73.84	-3.38	47.62	103.86	8.22	16.58	63.95	-1.65	33.40	111.78	9.64	36.71	77.70	-2.45	48.15
88	105.52	2.85	43.88	74.54	-3.22	48.50	104.60	8.40	17.02	64.79	-1.15	34.26	111.82	9.48	36.76	77.91	-2.47	48.87
89	106.23	2.96	44.32	75.26	-3.08	49.33	105.20	8.54	17.40	65.71	-0.69	35.14	111.77	9.25	36.74	78.05	-2.54	49.53
90	106.84	3.06	44.70	75.84	-2.97	50.07	105.80	8.63	17.78	66.60	-0.27	35.98	111.63	8.99	36.65	78.11	-2.63	50.09
91	107.43	3.13	45.03	76.43	-2.90	50.79	106.27	8.69	18.14	67.46	0.10	36.79	111.50	8.66	36.52	78.02	-2.76	50.56
92	107.96	3.18	45.32	76.93	-2.84	51.42	106.74	8.68	18.49	68.35	0.42	37.57	111.21	8.30	36.31	77.85	-2.92	50.91
93	108.39	3.21	45.55	77.35	-2.82	52.00	107.06	8.64	18.81	69.16	0.69	38.32	110.94	7.88	36.06	77.59	-3.10	51.18
94	108.81	3.21	45.73	77.71	-2.83	52.52	107.37	8.54	19.12	69.96	0.91	39.03	110.56	7.43	35.73	77.15	-3.31	51.31
95	109.09	3.20	45.85	78.00	-2.86	52.97	107.53	8.41	19.37	70.66	1.08	39.69	110.11	6.94	35.34	76.64	-3.53	51.34
96	109.36	3.15	45.92	78.13	-2.92	53.34	107.67	8.22	19.62	71.40	1.18	40.34	109.54	6.42	34.85	75.99	-3.77	51.25
97	109.46	3.10	45.89	78.25	-3.00	53.67	107.68	8.01	19.82	71.97	1.24	40.89	108.92	5.88	34.31	75.25	-4.01	51.02
98	109.51	3.01	45.80	78.19	-3.10	53.90	107.62	7.76	19.98	72.53	1.23	41.41	108.17	5.31	33.68	74.37	-4.27	50.67
99	109.50	2.90	45.64	78.14	-3.22	54.09	107.47	7.47	20.11	73.00	1.18	41.88	107.32	4.72	32.97	73.38	-4.52	50.20
100	109.37	2.76	45.37	77.90	-3.34	54.18	107.24	7.16	20.18	73.33	1.07	42.27	106.38	4.12	32.18	72.31	-4.78	49.60
101	109.17	2.60	45.02	77.58	-3.49	54.22	106.88	6.83	20.22	73.66	0.91	42.61	105.37	3.52	31.31	71.11	-5.02	48.88
102	108.84	2.41	44.57	77.19	-3.64	54.18	106.42	6.49	20.18	73.81	0.71	42.86	104.24	2.91	30.35	69.86	-5.26	48.01
103	108.45	2.19	44.02	76.67	-3.79	54.05	105.87	6.13	20.12	73.95	0.46	43.05	103.06	2.30	29.33	68.48	-5.48	47.05
104	107.94	1.94	43.37	76.09	-3.95	53.89	105.21	5.76	19.97	73.91	0.17	43.15	101.79	1.70	28.22	67.08	-5.69	45.96
105	107.30	1.68	42.60	75.42	-4.11	53.63	104.45	5.39	19.77	73.83	-0.16	43.17	100.49	1.10	27.07	65.63	-5.88	44.80
106	106.56	1.38	41.73	74.60	-4.26	53.28	103.60	5.02	19.50	73.60	-0.52	43.10	99.12	0.51	25.84	64.03	-6.04	43.47
107	105.73	1.07	40.75	73.78	-4.42	52.89	102.71	4.65	19.18	73.32	-0.91	42.94	97.70	-0.06	24.57	62.47	-6.18	42.09
108	104.79	0.74	39.67	72.83	-4.56	52.40	101.68	4.30	18.78	72.98	-1.32	42.69	96.27	-0.62	23.25	60.88	-6.29	40.62
109	103.76	0.39	38.49	71.78	-4.70	51.83	100.63	3.95	18.34	72.47	-1.74	42.33	94.82	-1.17	21.89	59.27	-6.36	39.07
110	102.68	0.03	37.21	70.71	-4.83	51.21	99.50	3.63	17.83	71.92	-2.19	41.88	93.35	-1.70	20.50	57.61	-6.40	37.45
111	101.47	-0.32	35.84	69.57	-4.94	50.52	98.30	3.33	17.28	71.35	-2.64	41.34	91.90	-2.23	19.07	56.03	-6.41	35.78
112	100.25	-0.69	34.40	68.31	-5.05	49.73	97.05	3.06	16.68	70.65	-3.09	40.71	90.50	-2.74	17.62	54.39	-6.37	34.07
113	98.98	-1.05	32.88	67.05	-5.14	48.92	95.73	2.81	16.03	69.90	-3.54	39.98	89.06	-3.24	16.14	52.85	-6.31	32.31
114	97.65	-1.40	31.30	65.70	-5.22	48.01	94.44	2.58	15.36	69.14	-3.98	39.18	87.75	-3.73	14.66	51.32	-6.20	30.55
115	96.29	-1.74	29.66	64.33	-5.28	47.05	93.02	2.40	14.61	68.26	-4.40	38.30	86.40	-4.20	13.16	49.84	-6.06	28.76
116	94.90	-2.07	27.97	62.91	-5.33	46.06	91.65	2.23	13.86	67.42	-4.81	37.32	85.18	-4.67	11.68	48.41	-5.89	26.98
117	93.50	-2.38	26.26	61.45	-5.37	44.98	90.25	2.10	13.06	66.52	-5.20	36.30	83.92	-5.11	10.20	47.09	-5.68	25.21
118	92.04	-2.66	24.52	59.94	-5.39	43.88	88.82	1.99	12.24	65.59	-5.57	35.23	82.78	-5.55	8.76	45.76	-5.45	23.46
119	90.60	-2.93	22.76	58.50	-5.41	42.74	87.42	1.90	11.40	64.58	-5.90	34.09	81.69	-5.97	7.34	44.60	-5.20	21.75
120	89.18	-3.18	21.01	56.94	-5.40	41.54	86.00	1.84	10.54	63.65	-6.21	32.90	80.67	-6.38	5.96	43.48	-4.92	20.10
121	87.68	-3.40	19.24	55.47	-5.39	40.34	84.60	1.80	9.67	62.69	-6.49	31.71	79.67	-6.77	4.61	42.43	-4.64	18.49
122	86.34	-3.61	17.50	53.95	-5.37	39.13	83.26	1.78	8.79	61.68	-6.74	30.45	78.79	-7.15	3.33	41.49	-4.34	16.95
123	84.93	-3.79	15.74	52.51	-5.34	37.87	81.90	1.77	7.92	60.76	-6.96	29.17	77.95	-7.52	2.08	40.66	-4.04	15.48
124	83.60	-3.94	14.01	51.05	-5.30	36.63	80.59	1.78	7.04	59.75	-7.14	27.88	77.17	-7.87	0.89	39.87	-3.73	14.10
125	82.30	-4.08	12.31	49.66	-5.26	35.35	79.36	1.80	6.18	58.86	-7.30	26.58	76.49	-8.22	-0.24	39.21	-3.43	12.80
126	81.08	-4.19	10.65	48.28	-5.21	34.06	78.14	1.83	5.32	57.91	-7.42	25.29	75.83	-8.55	-1.30	38.63	-3.13	11.58
127	79.87	-4.27	9.04	46.98	-5.15	32.76	76.98	1.86	4.48	57.00	-7.52	24.00	75.28	-8.87	-2.29	38.12	-2.84	10.44
128	78.71	-4.33	7.47	45.72	-5.09	31.46	75.86	1.91	3.64	56.16	-7.60	22.73	74.81	-9.18	-3.22	37.67	-2.56	9.41
129	77.66	-4.37	5.99	44.54	-5.02	30.16	74.86	1.96	2.83	55.31	-7.65	21.48	74.39	-9.47	-4.07	37.37	-2.29	8.48
130	76.64	-4.39	4.55	43.41	-4.95	28.87	73.88	2.01	2.04	54.52	-7.69	20.28	74.02	-9.75	-4.86	37.11	-2.04	7.64
131	75.68	-4.39	3.19	42.43	-4.89	27.59	72.99	2.07	1.28	53.75	-7.71	19.10	73.76	-10.02	-5.57	36.95	-1.80	6.88
132	74.81	-4.38	1.90	41.45	-4.82	26.32	72.15	2.13	0.54	53.06	-7.72	17.96	73.54	-10.28	-6.21	36.83	-1.59	6.22
133	74.00	-4.35	0.68	40.64	-4.76	25.08	71.41	2.18	-0.13	52.38	-7.72	16.87	73.41	-10.52	-6.76	36.85	-1.40	5.68
134	73.22	-4.30	-0.48	39.88	-4.70	23.86	70.72	2.25	-0.79	51.77	-7.71	15.83	73.30	-10.74	-7.25	36.89	-1.22	5.21
135	72.57	-4.25	-1.56	39.25	-4.65	22.65	70.12	2.31	-1.39	51.24	-7.71	14.85	73.27	-10.95	-7.65	37.04	-1.08	4.85
136	72.01	-4.19	-2.57	38.73	-4.61	21.49	69.60	2.36	-1.94	50.70	-7.71	13.92	73.27	-11.15	-7.98	37.23	-0.96	4.56
137	71.42	-4.11	-3.50	38.30	-4.57	20.35	69.18	2.42	-2.45	50.27	-7.72	13.06	73.35	-11.34	-8.24	37.50	-0.87	4.37
138	70.99	-4.03	-4.37	38.00	-4.55	19.28	68.74	2.48	-2.92	49.83	-7.74	12.26	73.42	-11.50	-8.42	37.80	-0.81	4.25
139	70.57	-3.94	-5.15	37.75	-4.54	18.25	68.48	2.53	-3.33	49.50	-7.78	11.54	73.59	-11.66	-8.55	38.19	-0.77	4.18
140	70.26	-3.85	-5.88	37.69	-4.54	17.28	68.24	2.58	-3.70	49.18	-7.84	10.89	73.74	-11.81	-8.61	38.61	-0.76	4.18
141	69.97	-3.74	-6.53	37.63	-4.56	16.37	68.05	2.63	-4.03	48.90	-7.93	10.32	73.94	-11.94	-8.62	39.10	-0.78	4.23
142	69.75	-3.64	-7.12	37.74	-4.60	15.52	67.90	2.68	-4.32	48.72	-8.04	9.81	74.12	-12.06	-8.56	39.61	-0.83	4.33
143	69.56	-3.54	-7.65	37.93	-4.66	14.76	67.82	2.72	-4.54	48.54	-8.20	9.40	74.35	-12.18	-8.45	40.14	-0.91	4.48
144	69.46	-3.43	-8.11	38.18	-4.73	14.04	67.78	2.76	-4.72	48.37	-8.38	9.06	74.57	-12.29	-8.29	40.69	-1.02	4.68
145	69.40	-3.33	-8.51	38.52	-4.82	13.41	67.76	2.80	-4.85	48.32	-8.62	8.82	74.78	-12.39	-8.07	41.32	-1.17	4.94
146	69.36	-3.22	-8.87	38.94	-4.94	12.85	67.80	2.84	-4.93	48.25	-8.89	8.66	75.02	-12.50	-7.83	41.92	-1.35	5.24
147	69.37	-3.12	-9.15	39.44	-5.08	12.37	67.87	2.88	-4.97	48.22	-9.22	8.59	75.22	-12.59	-7.55	42.53	-1.57	5.57
148	69.44	-3.03	-9.38	40.02	-5.24	11.95	67.92	2.93	-4.97	48.29	-9.60	8.60	75.41	-12.68	-7.25	43.16	-1.82	5.93
149	69.53	-2.94	-9.57	40.59	-5.43	11.62	68.05	2.96	-4.91	48.30	-10.03	8.69	75.65	-12.79	-6.92	43.81	-2.13	6.35
150	69.60	-2.85	-9.70	41.29	-5.64	11.33	68.18	3.00	-4.83	48.39	-10.51	8.85	75.74	-12.88	-6.57	44.49	-2.46	6.77
151	69.72	-2.77	-9.77	42.04	-5.88	11.12	68.32	3.02	-4.70	48.53	-11.05	9.08	75.93	-12.98	-6.23	45.15	-2.85	7.23
152	69.85	-2.69	-9.81	42.77	-6.15	10.99	68.49	3.05	-4.54	48.59	-11.63	9.36	76.03	-13.08	-5.84	45.80	-3.27	7.68
153	69.97	-2.62	-9.79	43.63	-6.45	10.90	68.64	3.07	-4.35	48.81	-12.28	9.73	76.18	-13.19	-5.46	46.47	-3.73	8.16
154	70.12	-2.55	-9.73	44.45	-6.77	10.88	68.87	3.07	-4.11	48.95	-12.98	10.14	76.26	-13.30	-5.06	47.16	-4.23	8.63
155	70.26	-2.50	-9.62	45.33	-7.15	10.95	69.06	3.07	-3.86	49.22	-13.73	10.59	76.36	-13.42	-4.66	47.80	-4.78	9.13
156	70.44	-2.46	-9.45	46.24	-7.54	11.03	69.34	3.04	-3.58	49.41	-14.54	11.10	76.43	-13.55	-4.25	48.50	-5.37	9.61
157	70.56	-2.42	-9.24	47.16	-7.97	11.17	69.53	3.02	-3.30	49.71	-15.40	11.65	76.45	-13.68	-3.83	49.11	-5.98	10.07
158	70.80	-2.41	-8.98	48.08	-8.44	11.36	69.84	2.96	-3.00	49.98	-16.30	12.22	76.47	-13.81	-3.41	49.80	-6.63	10.55
159	70.95	-2.40	-8.66	48.98	-8.95	11.58	70.12	2.90	-2.71	50.35	-17.26	12.84	76.41	-13.95	-3.00	50.43	-7.28	10.96
160	71.16	-2.41	-8.29	50.00	-9.50	11.86	70.40	2.82	-2.42	50.63	-18.24	13.44	76.33	-14.10	-2.60	51.03	-7.97	11.37
161	71.30	-2.44	-7.87	50.89	-10.11	12.18	70.74	2.72	-2.13	51.08	-19.28	14.07	76.23	-14.24	-2.21	51.65	-8.64	11.72
162	71.50	-2.50	-7.40	51.89	-10.76	12.51	71.09	2.61	-1.85	51.47	-20.33	14.67	76.10	-14.38	-1.85	52.20	-9.31	12.02
163	71.62	-2.57	-6.88	52.82	-11.45	12.88	71.41	2.48	-1.58	51.92	-21.39	15.25	75.91	-14.50	-1.51	52.74	-9.94	12.25
164	71.73	-2.66	-6.32	53.82	-12.20	13.24	71.77	2.33	-1.31	52.46	-22.47	15.81	75.73	-14.63	-1.18	53.18	-10.53	12.41
165	71.87	-2.80	-5.72	54.70	-12.98	13.63	72.17	2.16	-1.04	52.98	-23.54	16.32	75.43	-14.74	-0.90	53.55	-11.05	12.49
166	71.91	-2.96	-5.08	55.71	-13.81	14.00	72.48	1.99	-0.78	53.50	-24.57	16.76	75.07	-14.84	-0.63	53.86	-11.49	12.47
167	72.01	-3.15	-4.43	56.58	-14.67	14.35	72.80	1.81	-0.53	54.13	-25.56	17.14	74.62	-14.92	-0.39	54.07	-11.83	12.37
168	72.03	-3.38	-3.75	57.49	-15.55	14.69	73.09	1.62	-0.29	54.69	-26.45	17.39	74.03	-14.98	-0.18	54.14	-12.02	12.15
169	72.05	-3.65	-3.06	58.40	-16.46	14.99	73.30	1.41	-0.03	55.32	-27.24	17.53	73.29	-15.02	0.00	54.16	-12.08	11.84
170	72.07	-3.95	-2.37	59.20	-17.36	15.24	73.38	1.21	0.20	55.87	-27.89	17.56	72.42	-15.05	0.16	54.01	-11.95	11.41
171	72.08	-4.29	-1.68	60.06	-18.26	15.43	73.43	0.99	0.45	56.46	-28.36	17.40	71.27	-15.04	0.30	53.74	-11.61	10.86
172	72.07	-4.67	-1.01	60.80	-19.12	15.56	73.23	0.78	0.69	56.98	-28.63	17.10	69.99	-15.01	0.42	53.34	-11.08	10.24
173	71.99	-5.07	-0.35	61.49	-19.94	15.59	72.95	0.55	0.95	57.45	-28.65	16.62	68.43	-14.96	0.52	52.74	-10.33	9.53
174	71.91	-5.52	0.29	62.18	-20.69	15.53	72.42	0.33	1.19	57.84	-28.37	15.93	66.62	-14.90	0.62	51.92	-9.35	8.73
175	71.75	-5.99	0.91	62.68	-21.35	15.37	71.74	0.10	1.43	58.15	-27.79	15.07	64.52	-14.81	0.70	50.90	-8.20	7.92
176	71.50	-6.50	1.50	63.16	-21.89	15.08	70.74	-0.11	1.66	58.38	-26.85	14.02	62.14	-14.70	0.78	49.66	-6.86	7.07
177	71.15	-7.03	2.05	63.54	-22.29	14.69	69.50	-0.35	1.90	58.42	-25.54	12.79	59.44	-14.58	0.87	48.17	-5.38	6.24
178	70.67	-7.58	2.57	63.76	-22.53	14.17	67.89	-0.60	2.14	58.31	-23.84	11.39	56.41	-14.45	0.95	46.46	-3.83	5.47
179	70.03	-8.15	3.06	63.84	-22.57	13.53	65.94	-0.88	2.36	58.03	-21.73	9.86	53.16	-14.33	1.05	44.42	-2.24	4.76
180	69.24	-8.73	3.51	63.81	-22.41	12.80	63.55	-1.17	2.58	57.57	-19.23	8.23	49.56	-14.20	1.15	42.20	-0.73	4.17
181	68.21	-9.33	3.92	63.54	-22.02	11.95	60.85	-1.50	2.81	56.80	-16.34	6.53	45.73	-14.10	1.27	39.71	0.65	3.70
182	66.98	-9.94	4.29	63.15	-21.39	11.01	57.65	-1.85	3.01	55.81	-13.14	4.83	41.66	-14.01	1.39	37.03	1.77	3.38
183	65.50	-10.55	4.62	62.47	-20.51	9.98	54.10	-2.23	3.20	54.55	-9.66	3.16	37.40	-13.95	1.53	34.11	2.54	3.21
184	63.67	-11.16	4.91	61.57	-19.41	8.92	50.13	-2.64	3.38	53.01	-6.00	1.60	33.01	-13.93	1.67	30.99	2.89	3.16
185	61.67	-11.79	5.18	60.51	-18.04	7.80	45.82	-3.10	3.56	51.15	-2.27	0.21	28.51	-13.97	1.82	27.70	2.69	3.25
186	59.29	-12.40	5.40	59.09	-16.51	6.73	41.15	-3.58	3.71	48.98	1.40	-0.97	24.03	-14.06	1.95	24.28	1.94	3.40
187	56.65	-13.03	5.60	57.44	-14.79	5.67	36.17	-4.08	3.84	46.54	4.83	-1.87	19.51	-14.22	2.07	20.70	0.54	3.61
188	53.70	-13.64	5.75	55.59	-12.97	4.70	31.05	-4.66	3.97	43.76	7.89	-2.47	15.06	-14.44	2.16	17.09	-1.48	3.81
189	50.46	-14.27	5.89	53.39	-11.10	3.82	25.70	-5.23	4.05	40.67	10.37	-2.73	10.75	-14.74	2.21	13.39	-4.07	3.93
190	46.94	-14.90	5.98	51.00	-9.26	3.10	20.34	-5.88	4.12	37.34	12.13	-2.69	6.62	-15.11	2.20	9.64	-7.18	3.93
191	43.17	-15.54	6.04	48.32	-7.55	2.55	14.97	-6.57	4.14	33.77	13.01	-2.35	2.65	-15.55	2.14	5.96	-10.67	3.78
192	39.17	-16.20	6.06	45.47	-6.04	2.16	9.69	-7.30	4.11	29.91	12.87	-1.77	-1.04	-16.00	1.99	2.34	-14.38	3.43
193	34.90	-16.85	6.04	42.37	-4.84	1.96	4.55	-8.08	4.03	25.92	11.66	-1.02	-4.43	-16.50	1.77	-1.20	-18.14	2.89
194	30.58	-17.53	5.97	39.16	-4.04	1.93	-0.26	-8.92	3.88	21.66	9.34	-0.20	-7.57	-16.95	1.46	-4.43	-21.72	2.16
195	26.11	-18.22	5.85	35.71	-3.70	2.04	-4.85	-9.81	3.65	17.36	5.99	0.61	-10.36	-17.36	1.07	-7.51	-24.92	1.28
196	21.52	-18.89	5.67	32.15	-3.89	2.26	-9.02	-10.76	3.33	12.89	1.72	1.31	-12.77	-17.69	0.61	-8.10	-7.55	0.63
197	17.06	-19.61	5.43	28.57	-4.63	2.55	-12.81	-11.74	2.92	8.47	-3.31	1.82	-15.30	-6.11	0.69	-9.27	-8.36	0.41
198	12.55	-20.30	5.11	24.77	-5.91	2.87	-16.23	-12.72	2.40	3.98	-8.78	2.06	-16.70	-7.25	0.35	-10.26	-8.94	0.14
199	8.12	-20.96	4.72	21.08	-7.68	3.13	-19.20	-13.68	1.79	-0.25	-14.45	2.02	-17.95	-8.15	-0.06	-11.13	-9.21	-0.16
200	3.90	-21.61	4.24	17.26	-9.89	3.33	-21.68	-14.61	1.09	-4.38	-19.96	1.70	-18.83	-8.80	-0.50	-11.74	-9.24	-0.45
201	-0.15	-22.20	3.67	13.50	-12.39	3.39	-23.76	-15.43	0.32	-8.14	-25.01	1.11	-19.43	-9.18	-0.94	-12.12	-8.97	-0.71
202	-3.99	-22.70	3.02	9.85	-15.08	3.30	-19.89	-6.74	-0.10	-8.65	-5.91	0.90	-19.61	-9.35	-1.34	-12.28	-8.45	-0.93
203	-7.57	-23.09	2.28	6.27	-17.74	3.04	-21.22	-8.08	-0.62	-9.82	-6.59	0.74	-19.29	-9.37	-1.68	-12.08	-7.79	-1.10
204	-10.84	-23.34	1.49	2.89	-20.27	2.61	-22.29	-9.20	-1.21	-10.92	-7.01	0.53	-18.50	-9.30	-1.96	-11.59	-7.00	-1.21
205	-13.77	-23.40	0.64	-3.01	-3.06	0.80	-22.87	-10.14	-1.81	-11.81	-7.13	0.28	-17.24	-9.21	-2.18	-10.82	-6.15	-1.25
206	-14.43	-8.21	0.27	-3.97	-4.01	0.83	-22.94	-10.90	-2.38	-12.61	-6.93	0.03	-15.47	-9.15	-2.33	-9.71	-5.35	-1.24
207	-15.96	-9.27	-0.17	-5.06	-4.78	0.79	-22.56	-11.44	-2.89	-13.21	-6.42	-0.20	-13.24	-9.17	-2.42	-8.43	-4.55	-1.18
208	-17.23	-10.03	-0.67	-6.02	-5.32	0.67	-21.45	-11.94	-3.32	-13.49	-5.64	-0.39	-10.65	-9.26	-2.46	-6.85	-3.86	-1.07
209	-18.24	-10.45	-1.18	-6.87	-5.63	0.50	-19.92	-12.32	-3.66	-13.59	-4.64	-0.52	-7.68	-9.44	-2.46	-5.23	-3.21	-0.93
210	-18.76	-10.55	-1.65	-7.72	-5.67	0.31	-17.78	-12.73	-3.91	-13.38	-3.46	-0.59	-4.50	-9.69	-2.42	-3.50	-2.65	-0.77
211	-18.89	-10.31	-2.05	-8.38	-5.46	0.11	-15.22	-13.14	-4.06	-12.78	-2.21	-0.59	-1.13	-10.00	-2.35	-1.78	-2.20	-0.60
212	-18.48	-9.84	-2.34	-8.88	-5.08	-0.09	-12.29	-13.57	-4.12	-11.92	-0.92	-0.52	2.29	-10.36	-2.27	-0.13	-1.80	-0.42
213	-17.55	-9.18	-2.53	-9.20	-4.53	-0.27	-9.02	-14.04	-4.10	-10.80	0.38	-0.39	5.63	-10.70	-2.17	1.44	-1.49	-0.24
214	-16.17	-8.38	-2.59	-9.33	-3.87	-0.42	-5.48	-14.57	-4.01	-9.38	1.60	-0.21	8.87	-11.02	-2.07	2.94	-1.27	-0.07
215	-14.27	-7.57	-2.56	-9.18	-3.17	-0.54	-1.86	-15.07	-3.87	-7.85	2.73	-0.01	11.91	-11.30	-1.95	4.14	-1.03	0.09
216	-11.92	-6.76	-2.42	-8.69	-2.48	-0.62	1.73	-15.53	-3.67	-6.16	3.75	0.22	14.64	-11.48	-1.83	5.33	-0.91	0.24
217	-9.25	-5.97	-2.21	-8.10	-1.73	-0.66	5.26	-15.96	-3.46	-4.39	4.60	0.44	17.03	-11.54	-1.69	6.17	-0.73	0.37
218	-6.24	-5.26	-1.94	-7.20	-1.04	-0.65	8.60	-16.32	-3.22	-2.70	5.29	0.65	19.03	-11.45	-1.55	6.91	-0.58	0.49
219	-3.07	-4.59	-1.63	-6.13	-0.39	-0.60	11.55	-16.48	-2.96	-0.97	5.79	0.84	20.62	-11.20	-1.39	7.42	-0.41	0.60
220	0.33	-4.07	-1.30	-5.01	0.24	-0.52	14.29	-16.56	-2.71	0.63	6.09	1.00	21.78	-10.78	-1.22	7.77	-0.20	0.69
221	3.62	-3.55	-0.96	-3.76	0.79	-0.41	16.52	-16.38	-2.43	2.16	6.22	1.13	22.49	-10.19	-1.05	7.92	0.02	0.76
222	6.86	-3.11	-0.64	-2.50	1.27	-0.29	18.37	-16.00	-2.16	3.47	6.18	1.21	22.79	-9.45	-0.87	7.91	0.28	0.80
223	9.98	-2.76	-0.34	-1.24	1.65	-0.16	19.77	-15.36	-1.87	4.69	6.01	1.26	22.73	-8.58	-0.70	7.88	0.52	0.84
224	12.76	-2.40	-0.07	0.02	1.95	-0.03	20.76	-14.49	-1.59	5.63	5.73	1.28	22.29	-7.61	-0.53	7.63	0.83	0.85
225	15.27	-2.10	0.16	1.17	2.17	0.11	21.34	-13.37	-1.29	6.41	5.38	1.27	21.51	-6.52	-0.37	7.30	1.14	0.85
226	17.43	-1.80	0.36	2.28	2.32	0.24	21.53	-12.03	-0.99	7.08	4.95	1.23	20.50	-5.43	-0.22	7.03	1.41	0.83
227	19.06	-1.42	0.54	3.27	2.41	0.36	21.37	-10.48	-0.70	7.41	4.53	1.17	19.23	-4.28	-0.08	6.62	1.71	0.80
228	20.43	-1.10	0.69	4.12	2.44	0.46	20.96	-8.80	-0.41	7.67	4.10	1.09	17.80	-3.12	0.05	6.19	2.01	0.77
229	21.27	-0.67	0.82	4.77	2.47	0.55	20.22	-6.95	-0.11	7.79	3.68	1.00	16.25	-1.98	0.17	5.81	2.24	0.73
230	21.73	-0.23	0.93	5.39	2.41	0.62	19.36	-5.05	0.17	7.75	3.29	0.90	14.58	-0.85	0.28	5.40	2.49	0.69
231	21.80	0.25	1.02	5.75	2.36	0.67	18.31	-3.09	0.44	7.60	2.95	0.80	12.93	0.24	0.39	4.99	2.72	0.65
232	21.46	0.78	1.09	6.07	2.28	0.70	17.21	-1.15	0.70	7.31	2.68	0.70	11.25	1.27	0.48	4.66	2.91	0.61
233	20.82	1.31	1.15	6.13	2.19	0.70	16.03	0.78	0.96	7.03	2.45	0.61	9.61	2.27	0.58	4.26	3.09	0.58
234	19.91	1.85	1.19	6.19	2.07	0.69	14.94	2.60	1.19	6.65	2.27	0.52	8.09	3.21	0.68	3.96	3.27	0.55
235	18.70	2.39	1.21	6.03	1.93	0.66	13.82	4.36	1.42	6.20	2.16	0.44	6.65	4.07	0.77	3.63	3.41	0.53
236	17.29	2.92	1.23	5.77	1.84	0.62	12.87	5.96	1.63	5.71	2.11	0.37	5.35	4.88	0.87	3.34	3.55	0.52
237	15.82	3.39	1.22	5.41	1.72	0.56	11.93	7.45	1.82	5.24	2.07	0.32	4.13	5.62	0.96	3.02	3.70	0.51
238	14.20	3.85	1.21	5.04	1.59	0.50	11.16	8.74	1.99	4.71	2.10	0.28	3.08	6.29	1.05	2.80	3.80	0.51
239	12.48	4.29	1.19	4.44	1.53	0.43	10.45	9.89	2.15	4.18	2.15	0.25	2.16	6.90	1.14	2.44	3.96	0.51
240	10.86	4.65	1.16	3.91	1.45	0.36	9.85	10.85	2.27	3.62	2.22	0.24	1.35	7.45	1.23	2.22	4.04	0.52
241	9.26	4.99	1.13	3.26	1.42	0.29	9.37	11.60	2.38	3.08	2.30	0.23	0.65	7.92	1.32	1.94	4.17	0.53
242	7.65	5.32	1.10	2.57	1.42	0.23	8.85	12.23	2.45	2.56	2.38	0.24	0.08	8.35	1.40	1.61	4.27	0.54
243	6.25	5.57	1.07	1.89	1.45	0.18	8.46	12.67	2.51	1.96	2.47	0.25	-0.47	8.72	1.47	1.38	4.37	0.56
244	4.95	5.80	1.05	1.19	1.51	0.13	8.07	12.95	2.54	1.48	2.50	0.26	-0.89	9.04	1.53	1.03	4.47	0.57
245	3.80	6.00	1.04	0.43	1.64	0.10	7.70	13.09	2.56	0.90	2.56	0.27	-1.25	9.30	1.59	0.81	4.55	0.59
246	2.74	6.18	1.03	-0.22	1.76	0.07	7.32	13.11	2.55	0.43	2.56	0.28	-1.60	9.53	1.63	0.49	4.65	0.60
247	1.91	6.31	1.03	-0.92	1.94	0.06	6.93	13.01	2.53	-0.09	2.54	0.28	-1.82	9.67	1.67	0.25	4.74	0.62
248	1.17	6.43	1.03	-1.56	2.14	0.05	6.52	12.81	2.51	-0.51	2.46	0.27	-2.11	9.80	1.69	-0.04	4.79	0.62
249	0.59	6.51	1.03	-2.14	2.35	0.06	6.05	12.53	2.47	-0.94	2.37	0.26	-2.24	9.85	1.71	-0.27	4.87	0.64
250	0.07	6.58	1.04	-2.69	2.59	0.07	5.69	12.13	2.42	-1.36	2.22	0.23	-2.44	9.88	1.72	-0.51	4.92	0.65
251	-0.27	6.60	1.04	-3.25	2.84	0.09	5.16	11.73	2.38	-1.72	2.07	0.20	-2.48	9.84	1.71	-0.74	4.98	0.66
252	-0.58	6.61	1.05	-3.62	3.07	0.12	4.73	11.22	2.32	-1.97	1.83	0.16	-2.54	9.76	1.70	-0.90	5.01	0.67
253	-0.85	6.60	1.05	-4.07	3.32	0.14	4.23	10.70	2.27	-2.28	1.61	0.11	-2.56	9.66	1.69	-1.09	5.02	0.67
254	-1.01	6.56	1.05	-4.36	3.53	0.17	3.79	10.14	2.22	-2.44	1.33	0.05	-2.48	9.50	1.66	-1.17	5.01	0.68
255	-1.18	6.51	1.05	-4.61	3.75	0.20	3.37	9.54	2.17	-2.61	1.05	-0.01	-2.41	9.33	1.64	-1.30	5.00	0.69
256	-1.29	6.42	1.05	-4.81	3.92	0.22	2.88	8.96	2.12	-2.64	0.72	-0.07	-2.26	9.12	1.61	-1.35	4.96	0.69
257	-1.40	6.33	1.05	-4.90	4.07	0.24	2.48	8.37	2.06	-2.67	0.40	-0.14	-2.01	8.88	1.57	-1.32	4.89	0.70
258	-1.52	6.22	1.04	-4.96	4.19	0.26	2.14	7.77	2.01	-2.60	0.07	-0.20	-1.81	8.65	1.54	-1.34	4.82	0.69
259	-1.53	6.07	1.03	-4.95	4.27	0.28	1.79	7.21	1.96	-2.49	-0.28	-0.27	-1.52	8.39	1.50	-1.22	4.70	0.70
260	-1.64	5.92	1.02	-4.83	4.31	0.30	1.49	6.65	1.89	-2.29	-0.62	-0.33	-1.21	8.12	1.46	-1.13	4.58	0.69
261	-1.64	5.74	1.01	-4.72	4.34	0.31	1.28	6.11	1.83	-2.01	-0.98	-0.39	-0.89	7.84	1.42	-1.03	4.46	0.69
262	-1.64	5.54	1.00	-4.55	4.30	0.32	1.05	5.62	1.76	-1.72	-1.30	-0.44	-0.49	7.55	1.38	-0.78	4.29	0.69
263	-1.63	5.33	0.98	-4.23	4.21	0.33	0.85	5.14	1.68	-1.43	-1.60	-0.49	-0.16	7.26	1.33	-0.62	4.12	0.68
264	-1.63	5.11	0.96	-3.99	4.12	0.34	0.72	4.70	1.60	-1.04	-1.88	-0.53	0.22	6.98	1.29	-0.42	3.97	0.67
265	-1.50	4.86	0.94	-3.67	3.97	0.34	0.55	4.30	1.51	-0.67	-2.13	-0.57	0.56	6.69	1.24	-0.14	3.78	0.66
266	-1.47	4.61	0.92	-3.33	3.78	0.34	0.44	3.92	1.41	-0.26	-2.35	-0.59	0.90	6.41	1.20	0.12	3.59	0.65
267	-1.30	4.35	0.90	-2.99	3.59	0.34	0.30	3.58	1.31	0.17	-2.54	-0.61	1.17	6.14	1.15	0.38	3.41	0.64
268	-1.18	4.09	0.88	-2.62	3.35	0.34	0.16	3.28	1.20	0.58	-2.71	-0.62	1.51	5.87	1.11	0.61	3.24	0.64
269	-0.97	3.82	0.86	-2.28	3.13	0.34	0.02	3.01	1.09	0.95	-2.82	-0.62	1.67	5.63	1.06	0.93	3.05	0.63
270	-0.85	3.58	0.84	-1.98	2.88	0.33	-0.06	2.76	0.97	1.38	-2.93	-0.62	1.86	5.41	1.02	1.20	2.88	0.62
271	-0.58	3.32	0.82	-1.64	2.63	0.32	-0.31	2.58	0.85	1.75	-2.99	-0.61	1.97	5.19	0.98	1.40	2.71	0.60
272	-0.40	3.09	0.79	-1.40	2.39	0.31	-0.41	2.38	0.73	2.08	-3.01	-0.59	2.00	5.01	0.94	1.65	2.56	0.60
273	-0.14	2.85	0.77	-1.14	2.14	0.30	-0.62	2.24	0.62	2.37	-3.01	-0.57	2.02	4.83	0.90	1.85	2.41	0.59
274	0.00	2.66	0.74	-0.93	1.94	0.29	-0.81	2.12	0.50	2.70	-3.00	-0.54	1.89	4.69	0.86	2.06	2.28	0.58
275	0.28	2.44	0.71	-0.70	1.67	0.27	-0.98	2.01	0.39	2.92	-2.94	-0.51	1.80	4.54	0.83	2.24	2.16	0.57
276	0.44	2.26	0.68	-0.62	1.53	0.25	-1.25	1.94	0.28	3.15	-2.86	-0.47	1.58	4.43	0.79	2.35	2.07	0.56
277	0.60	2.10	0.65	-0.43	1.29	0.23	-1.37	1.84	0.18	3.33	-2.79	-0.44	1.35	4.31	0.76	2.46	1.99	0.55
278	0.71	1.95	0.62	-0.36	1.15	0.20	-1.71	1.82	0.08	3.51	-2.70	-0.40	1.02	4.22	0.73	2.54	1.94	0.54
279	0.77	1.82	0.58	-0.28	0.98	0.18	-1.85	1.74	-0.00	3.63	-2.57	-0.36	0.70	4.13	0.69	2.56	1.89	0.52
280	0.85	1.69	0.55	-0.27	0.88	0.15	-2.08	1.72	-0.08	3.75	-2.47	-0.32	0.29	4.05	0.66	2.60	1.87	0.51
281	0.81	1.60	0.51	-0.22	0.75	0.12	-2.36	1.71	-0.15	3.87	-2.35	-0.29	-0.08	3.96	0.63	2.58	1.87	0.50
282	0.77	1.51	0.47	-0.18	0.66	0.09	-2.54	1.70	-0.20	3.92	-2.21	-0.24	-0.53	3.90	0.60	2.50	1.87	0.48
283	0.61	1.46	0.43	-0.27	0.61	0.05	-2.75	1.71	-0.25	4.05	-2.10	-0.20	-0.99	3.81	0.57	2.49	1.89	0.47
284	0.51	1.40	0.39	-0.21	0.53	0.02	-2.96	1.74	-0.28	4.11	-1.98	-0.16	-1.38	3.73	0.53	2.35	1.92	0.45
285	0.35	1.35	0.35	-0.24	0.49	-0.02	-3.12	1.77	-0.30	4.19	-1.86	-0.12	-1.84	3.66	0.50	2.31	1.94	0.43
286	0.12	1.34	0.31	-0.27	0.46	-0.06	-3.29	1.81	-0.30	4.25	-1.71	-0.07	-2.23	3.58	0.47	2.13	1.98	0.41
287	-0.15	1.33	0.28	-0.26	0.42	-0.09	-3.48	1.87	-0.30	4.25	-1.59	-0.04	-2.65	3.50	0.44	2.09	1.99	0.40
288	-0.33	1.30	0.24	-0.29	0.42	-0.13	-3.55	1.91	-0.29	4.40	-1.48	0.01	-2.95	3.41	0.41	1.91	2.01	0.37
289	-0.64	1.32	0.20	-0.24	0.39	-0.16	-3.66	1.97	-0.26	4.39	-1.34	0.04	-3.30	3.32	0.39	1.80	2.02	0.35
290	-0.93	1.31	0.17	-0.23	0.35	-0.19	-3.79	2.02	-0.23	4.41	-1.20	0.08	-3.56	3.23	0.36	1.63	2.02	0.33
291	-1.19	1.32	0.14	-0.26	0.35	-0.21	-3.79	2.07	-0.20	4.48	-1.10	0.11	-3.80	3.13	0.34	1.50	2.01	0.31
292	-1.48	1.32	0.11	-0.14	0.30	-0.24	-3.87	2.11	-0.15	4.41	-0.94	0.15	-3.96	3.03	0.32	1.43	1.97	0.30
293	-1.72	1.32	0.09	-0.13	0.27	-0.26	-3.86	2.15	-0.11	4.48	-0.84	0.18	-4.08	2.91	0.29	1.21	1.95	0.27
294	-2.00	1.34	0.07	-0.05	0.23	-0.27	-3.86	2.18	-0.05	4.43	-0.72	0.20	-4.14	2.77	0.27	1.12	1.90	0.26
295	-2.22	1.33	0.05	-0.06	0.22	-0.28	-3.79	2.19	-0.00	4.43	-0.60	0.23	-4.18	2.64	0.25	1.02	1.86	0.25
296	-2.40	1.33	0.03	0.10	0.15	-0.28	-3.79	2.23	0.05	4.36	-0.51	0.24	-4.16	2.48	0.23	0.87	1.80	0.23
297	-2.67	1.34	0.02	0.11	0.12	-0.28	-3.62	2.23	0.10	4.32	-0.39	0.26	-4.06	2.31	0.21	0.82	1.73	0.23
298	-2.77	1.33	0.01	0.21	0.05	-0.27	-3.59	2.25	0.15	4.25	-0.31	0.27	-3.95	2.13	0.20	0.77	1.65	0.23
299	-2.96	1.33	0.00	0.24	0.05	-0.25	-3.39	2.24	0.20	4.22	-0.24	0.28	-3.79	1.94	0.18	0.65	1.59	0.23
300	-3.08	1.32	0.00	0.35	-0.03	-0.23	-3.28	2.25	0.25	4.10	-0.16	0.28	-3.67	1.74	0.17	0.66	1.51	0.23
301	-3.11	1.30	-0.00	0.37	-0.03	-0.20	-3.13	2.24	0.29	4.02	-0.10	0.28	-3.41	1.51	0.15	0.59	1.43	0.24
302	-3.29	1.31	0.01	0.50	-0.10	-0.17	-2.91	2.21	0.32	3.93	-0.04	0.28	-3.22	1.28	0.13	0.62	1.33	0.25
303	-3.27	1.27	0.01	0.49	-0.10	-0.14	-2.76	2.21	0.36	3.87	-0.02	0.28	-3.01	1.05	0.12	0.60	1.24	0.25
304	-3.35	1.26	0.02	0.62	-0.17	-0.10	-2.57	2.18	0.38	3.74	0.02	0.27	-2.79	0.82	0.11	0.57	1.15	0.27
305	-3.33	1.23	0.03	0.70	-0.19	-0.06	-2.38	2.15	0.41	3.64	0.04	0.26	-2.53	0.57	0.09	0.59	1.07	0.28
306	-3.35	1.20	0.04	0.79	-0.25	-0.03	-2.18	2.12	0.42	3.52	0.05	0.25	-2.36	0.34	0.08	0.58	0.96	0.29
307	-3.30	1.15	0.05	0.90	-0.29	0.01	-2.04	2.08	0.43	3.44	0.05	0.24	-2.12	0.09	0.07	0.66	0.86	0.30
308	-3.29	1.10	0.07	1.01	-0.33	0.05	-1.81	2.03	0.44	3.32	0.04	0.23	-1.92	-0.13	0.06	0.61	0.75	0.30
309	-3.23	1.05	0.08	1.11	-0.39	0.08	-1.68	1.97	0.44	3.22	0.04	0.21	-1.79	-0.35	0.05	0.67	0.64	0.31
310	-3.16	0.99	0.09	1.25	-0.43	0.11	-1.48	1.90	0.43	3.06	0.02	0.20	-1.56	-0.56	0.04	0.65	0.52	0.30
311	-3.08	0.92	0.10	1.40	-0.52	0.14	-1.34	1.82	0.42	2.99	0.01	0.19	-1.46	-0.76	0.03	0.69	0.39	0.30
312	-2.97	0.84	0.11	1.52	-0.56	0.16	-1.15	1.73	0.40	2.87	-0.01	0.17	-1.30	-0.95	0.02	0.70	0.25	0.29
313	-2.94	0.78	0.13	1.66	-0.64	0.18	-1.05	1.63	0.38	2.72	-0.04	0.16	-1.23	-1.12	0.01	0.76	0.09	0.27
314	-2.73	0.68	0.14	1.74	-0.67	0.19	-0.87	1.52	0.36	2.65	-0.04	0.15	-1.12	-1.28	0.00	0.74	-0.07	0.25
315	-2.70	0.61	0.14	1.92	-0.76	0.20	-0.75	1.40	0.34	2.49	-0.07	0.14	-1.04	-1.45	-0.01	0.74	-0.24	0.22
316	-2.49	0.51	0.15	1.99	-0.79	0.21	-0.59	1.27	0.31	2.41	-0.08	0.13	-0.98	-1.57	-0.03	0.75	-0.42	0.18
317	-2.36	0.41	0.15	2.05	-0.83	0.21	-0.50	1.16	0.28	2.24	-0.10	0.12	-0.96	-1.70	-0.04	0.75	-0.62	0.14
318	-2.24	0.32	0.15	2.10	-0.86	0.21	-0.34	1.03	0.25	2.13	-0.09	0.12	-0.88	-1.82	-0.06	0.74	-0.82	0.09
319	-2.03	0.20	0.14	2.08	-0.87	0.20	-0.23	0.90	0.22	2.06	-0.12	0.11	-0.81	-1.92	-0.08	0.74	-1.01	0.04
320	-1.87	0.09	0.14	2.13	-0.90	0.19	-0.08	0.79	0.20	1.90	-0.11	0.11	-0.85	-1.99	-0.11	0.68	-1.21	-0.02
321	-1.71	-0.03	0.13	2.09	-0.90	0.18	-0.02	0.69	0.17	1.77	-0.09	0.11	-0.77	-2.09	-0.13	0.66	-1.40	-0.08
322	-1.50	-0.15	0.11	1.92	-0.87	0.17	0.10	0.60	0.14	1.66	-0.10	0.10	-0.73	-2.15	-0.15	0.60	-1.60	-0.14
323	-1.33	-0.27	0.10	1.93	-0.90	0.16	0.26	0.50	0.11	1.51	-0.08	0.10	-0.68	-2.22	-0.18	0.57	-1.76	-0.20
324	-1.08	-0.41	0.08	1.75	-0.85	0.14	0.27	0.44	0.09	1.41	-0.07	0.11	-0.64	-2.27	-0.20	0.46	-1.92	-0.26
325	-0.94	-0.53	0.06	1.62	-0.85	0.12	0.45	0.36	0.07	1.28	-0.04	0.11	-0.60	-2.32	-0.23	0.41	-2.07	-0.31
326	-0.73	-0.65	0.04	1.45	-0.80	0.10	0.50	0.31	0.05	1.11	-0.02	0.11	-0.55	-2.35	-0.25	0.37	-2.20	-0.36
327	-0.48	-0.78	0.02	1.28	-0.78	0.08	0.57	0.27	0.03	0.97	0.01	0.11	-0.48	-2.38	-0.28	0.25	-2.31	-0.40
328	-0.34	-0.87	0.01	1.02	-0.72	0.06	0.66	0.23	0.01	0.87	0.02	0.11	-0.38	-2.41	-0.30	0.17	-2.37	-0.44
329	-0.11	-0.97	-0.01	0.81	-0.70	0.04	0.71	0.20	-0.01	0.64	0.06	0.11	-0.43	-2.39	-0.32	0.12	-2.45	-0.47
330	-0.01	-1.04	-0.02	0.62	-0.64	0.03	0.78	0.17	-0.02	0.53	0.08	0.11	-0.28	-2.40	-0.34	0.01	-2.49	-0.50
331	0.30	-1.13	-0.04	0.35	-0.61	0.01	0.83	0.14	-0.04	0.34	0.11	0.11	-0.32	-2.37	-0.35	-0.11	-2.49	-0.52
332	0.39	-1.16	-0.05	0.09	-0.54	-0.01	0.83	0.13	-0.05	0.21	0.12	0.11	-0.16	-2.36	-0.36	-0.14	-2.49	-0.53
333	0.60	-1.21	-0.06	-0.11	-0.51	-0.03	0.89	0.10	-0.06	-0.07	0.17	0.11	-0.22	-2.29	-0.37	-0.25	-2.46	-0.53
334	0.74	-1.23	-0.06	-0.37	-0.46	-0.04	0.90	0.08	-0.07	-0.17	0.17	0.11	-0.14	-2.26	-0.37	-0.33	-2.41	-0.53
335	0.95	-1.26	-0.07	-0.61	-0.42	-0.06	0.94	0.04	-0.08	-0.45	0.21	0.10	-0.10	-2.19	-0.37	-0.40	-2.36	-0.52
336	1.01	-1.24	-0.07	-0.86	-0.37	-0.07	0.94	0.02	-0.09	-0.61	0.23	0.09	-0.15	-2.12	-0.36	-0.45	-2.28	-0.51
337	1.27	-1.26	-0.08	-1.02	-0.37	-0.08	0.94	-0.01	-0.09	-0.86	0.24	0.08	-0.07	-2.08	-0.36	-0.55	-2.18	-0.49
338	1.34	-1.21	-0.07	-1.28	-0.34	-0.09	0.96	-0.04	-0.10	-1.04	0.25	0.07	-0.08	-2.02	-0.35	-0.60	-2.09	-0.46
339	1.50	-1.19	-0.07	-1.46	-0.33	-0.10	1.04	-0.09	-0.11	-1.23	0.24	0.05	-0.13	-1.96	-0.33	-0.62	-1.96	-0.43
340	1.64	-1.16	-0.07	-1.55	-0.34	-0.11	0.97	-0.10	-0.11	-1.45	0.24	0.03	-0.14	-1.91	-0.32	-0.69	-1.86	-0.39
341	1.74	-1.11	-0.07	-1.78	-0.32	-0.11	1.06	-0.14	-0.11	-1.70	0.21	0.01	-0.11	-1.88	-0.30	-0.71	-1.73	-0.35
342	1.84	-1.06	-0.07	-1.83	-0.36	-0.11	1.08	-0.16	-0.11	-1.83	0.17	-0.01	-0.22	-1.81	-0.28	-0.72	-1.59	-0.31
343	1.97	-1.01	-0.06	-1.94	-0.34	-0.12	1.15	-0.18	-0.11	-1.99	0.11	-0.04	-0.16	-1.80	-0.26	-0.74	-1.48	-0.27
344	2.05	-0.96	-0.06	-1.99	-0.36	-0.11	1.21	-0.20	-0.10	-2.25	0.06	-0.07	-0.23	-1.75	-0.24	-0.71	-1.36	-0.23
345	2.14	-0.91	-0.06	-1.98	-0.38	-0.11	1.32	-0.22	-0.10	-2.32	-0.02	-0.09	-0.22	-1.74	-0.23	-0.76	-1.23	-0.19
346	2.22	-0.87	-0.06	-1.96	-0.39	-0.10	1.42	-0.23	-0.09	-2.46	-0.11	-0.11	-0.28	-1.70	-0.21	-0.67	-1.14	-0.15
347	2.25	-0.82	-0.06	-1.92	-0.40	-0.09	1.53	-0.26	-0.08	-2.63	-0.19	-0.14	-0.20	-1.71	-0.20	-0.66	-1.02	-0.11
348	2.32	-0.78	-0.06	-1.80	-0.43	-0.08	1.68	-0.27	-0.07	-2.69	-0.27	-0.16	-0.30	-1.67	-0.18	-0.66	-0.94	-0.08
349	2.33	-0.75	-0.06	-1.68	-0.44	-0.07	1.84	-0.28	-0.06	-2.80	-0.36	-0.17	-0.21	-1.67	-0.17	-0.56	-0.86	-0.05
350	2.35	-0.72	-0.06	-1.51	-0.43	-0.05	2.05	-0.32	-0.05	-2.84	-0.44	-0.19	-0.24	-1.66	-0.16	-0.53	-0.80	-0.02
351	2.40	-0.73	-0.06	-1.31	-0.48	-0.04	2.20	-0.33	-0.04	-2.91	-0.52	-0.20	-0.21	-1.65	-0.15	-0.45	-0.76	-0.00
352	2.31	-0.70	-0.06	-1.09	-0.48	-0.03	2.44	-0.35	-0.02	-2.96	-0.58	-0.20	-0.17	-1.64	-0.15	-0.39	-0.72	0.02
353	2.29	-0.71	-0.07	-0.88	-0.49	-0.01	2.61	-0.39	-0.01	-3.01	-0.63	-0.20	-0.14	-1.64	-0.15	-0.30	-0.70	0.03
354	2.26	-0.73	-0.07	-0.59	-0.50	0.00	2.86	-0.42	-0.00	-3.00	-0.67	-0.20	-0.09	-1.63	-0.15	-0.29	-0.70	0.03
355	2.13	-0.73	-0.07	-0.31	-0.52	0.02	3.03	-0.46	0.00	-3.04	-0.69	-0.20	-0.04	-1.65	-0.16	-0.12	-0.72	0.04
356	2.07	-0.76	-0.08	-0.10	-0.51	0.03	3.25	-0.52	0.01	-3.03	-0.68	-0.19	0.01	-1.66	-0.17	-0.16	-0.72	0.04
357	1.95	-0.77	-0.09	0.21	-0.51	0.04	3.45	-0.58	0.01	-3.06	-0.67	-0.18	0.05	-1.67	-0.18	-0.02	-0.79	0.03
358	1.77	-0.78	-0.09	0.46	-0.50	0.06	3.61	-0.65	0.01	-3.05	-0.62	-0.16	0.07	-1.68	-0.20	-0.01	-0.81	0.02
359	1.67	-0.80	-0.10	0.66	-0.48	0.07	3.78	-0.74	0.00	-3.07	-0.54	-0.15	0.06	-1.69	-0.22	0.05	-0.88	0.01
360	1.44	-0.78	-0.11	0.89	-0.47	0.08	3.97	-0.86	-0.01	-3.05	-0.45	-0.13	0.08	-1.72	-0.24	0.05	-0.94	-0.00
361	1.27	-0.77	-0.11	1.11	-0.43	0.09	4.00	-0.96	-0.02	-3.03	-0.32	-0.12	0.05	-1.72	-0.26	0.02	-1.02	-0.02
362	1.05	-0.76	-0.12	1.18	-0.39	0.09	4.16	-1.12	-0.03	-3.05	-0.16	-0.10	-0.00	-1.75	-0.29	-0.02	-1.07	-0.04
363	0.84	-0.75	-0.13	1.38	-0.35	0.10	4.19	-1.26	-0.05	-3.04	0.02	-0.09	-0.09	-1.75	-0.31	-0.09	-1.13	-0.06
364	0.56	-0.71	-0.14	1.36	-0.28	0.10	4.20	-1.42	-0.06	-3.06	0.23	-0.08	-0.23	-1.75	-0.33	-0.24	-1.18	-0.08
365	0.31	-0.71	-0.16	1.42	-0.25	0.11	4.17	-1.58	-0.07	-3.03	0.47	-0.07	-0.31	-1.77	-0.36	-0.44	-1.21	-0.10
366	-0.03	-0.67	-0.17	1.36	-0.19	0.11	4.12	-1.76	-0.09	-3.03	0.71	-0.08	-0.58	-1.73	-0.37	-0.63	-1.21	-0.11
367	-0.34	-0.66	-0.19	1.23	-0.12	0.10	3.96	-1.93	-0.09	-3.08	1.00	-0.09	-0.74	-1.74	-0.39	-1.00	-1.17	-0.13
368	-0.70	-0.65	-0.21	1.11	-0.06	0.10	3.80	-2.12	-0.09	-3.11	1.30	-0.10	-1.08	-1.68	-0.41	-1.39	-1.07	-0.15
369	-1.07	-0.65	-0.23	0.78	0.01	0.09	3.50	-2.27	-0.09	-3.17	1.61	-0.13	-1.36	-1.67	-0.42	-1.88	-0.96	-0.17
370	-1.53	-0.64	-0.25	0.49	0.08	0.08	3.15	-2.44	-0.07	-3.21	1.93	-0.17	-1.83	-1.60	-0.43	-2.55	-0.75	-0.20
371	-2.00	-0.64	-0.28	0.07	0.15	0.07	2.74	-2.59	-0.05	-3.37	2.26	-0.23	-2.27	-1.56	-0.43	-3.25	-0.54	-0.23
372	-2.53	-0.65	-0.30	-0.47	0.25	0.05	2.23	-2.71	-0.02	-3.46	2.60	-0.29	-2.87	-1.46	-0.42	-4.15	-0.23	-0.27
373	-3.11	-0.65	-0.32	-1.07	0.33	0.03	1.59	-2.80	0.03	-3.72	2.93	-0.38	-3.48	-1.38	-0.41	-5.15	0.11	-0.31
374	-3.73	-0.66	-0.34	-1.77	0.45	0.01	0.91	-2.86	0.08	-4.02	3.29	-0.48	-4.17	-1.29	-0.40	-6.38	0.51	-0.36
375	-4.46	-0.64	-0.36	-2.61	0.59	-0.02	0.08	-2.88	0.14	-4.33	3.61	-0.60	-5.00	-1.14	-0.37	-7.70	0.95	-0.43
376	-5.22	-0.62	-0.37	-3.54	0.73	-0.05	-0.85	-2.82	0.21	-4.79	3.96	-0.73	-5.78	-1.03	-0.34	-9.22	1.45	-0.51
377	-6.01	-0.59	-0.37	-4.56	0.92	-0.09	-1.86	-2.72	0.28	-5.39	4.30	-0.89	-6.71	-0.86	-0.30	-10.90	2.00	-0.60
378	-6.91	-0.53	-0.36	-5.67	1.12	-0.13	-3.02	-2.54	0.36	-6.08	4.61	-1.06	-7.66	-0.70	-0.25	-12.77	2.60	-0.71
379	-7.81	-0.47	-0.34	-6.97	1.37	-0.18	-4.36	-2.27	0.43	-6.91	4.92	-1.24	-8.65	-0.52	-0.19	-14.66	3.24	-0.84
380	-8.74	-0.39	-0.31	-8.19	1.64	-0.23	-5.69	-1.92	0.49	-7.88	5.19	-1.43	-9.59	-0.35	-0.12	-16.67	3.90	-0.98
381	-9.70	-0.29	-0.26	-9.64	1.93	-0.29	-7.27	-1.47	0.55	-9.05	5.44	-1.63	-10.64	-0.16	-0.04	-18.69	4.56	-1.14
382	-10.65	-0.17	-0.21	-10.99	2.26	-0.37	-8.93	-0.95	0.58	-10.31	5.64	-1.83	-11.56	-0.00	0.05	-20.66	5.23	-1.32
383	-11.59	-0.03	-0.14	-12.49	2.60	-0.45	-10.63	-0.33	0.58	-11.79	5.78	-2.01	-12.43	0.15	0.15	-22.49	5.84	-1.51
384	-12.46	0.10	-0.06	-13.82	2.96	-0.54	-12.54	0.38	0.55	-13.35	5.87	-2.19	-13.21	0.29	0.24	-24.04	6.38	-1.69
385	-13.30	0.27	0.03	-15.20	3.30	-0.63	-14.43	1.15	0.48	-15.00	5.87	-2.33	-13.79	0.40	0.34	-107.20	-41.81	-13.62
386	-14.04	0.42	0.12	-16.37	3.67	-0.74	-16.48	2.00	0.36	-16.76	5.81	-2.44	16.58	-2.85	-3.22	-107.92	-41.40	-11.99
387	-14.66	0.57	0.21	-17.45	4.01	-0.86	-18.43	2.88	0.20	-18.54	5.64	-2.50	19.20	-2.54	-3.40	-105.29	-40.53	-10.09
388	-15.12	0.70	0.31	-18.19	4.31	-0.98	-20.38	3.79	-0.02	-20.15	5.36	-2.50	21.89	-2.09	-3.58	-99.31	-39.30	-8.03
389	-15.36	0.81	0.40	-140.45	-70.17	-10.48	-22.29	4.69	-0.30	-21.76	5.01	-2.45	24.78	-1.51	-3.76	-90.37	-37.84	-5.92
390	-11.38	-8.10	-2.41	-142.09	-69.32	-8.70	-23.96	5.56	-0.62	34.10	-23.41	-5.02	27.88	-0.81	-3.93	-78.94	-36.25	-3.87
391	-10.62	-8.19	-2.41	-139.66	-67.16	-6.75	2.45	-0.52	0.97	37.57	-23.46	-4.85	31.21	-0.04	-4.10	-65.77	-34.65	-1.98
392	-9.21	-8.12	-2.40	-133.27	-63.87	-4.77	4.31	-1.26	0.80	41.19	-22.97	-4.68	34.75	0.82	-4.29	-51.32	-33.14	-0.28
393	-7.13	-7.85	-2.39	-123.31	-59.69	-2.88	6.96	-2.31	0.70	45.00	-21.93	-4.55	38.74	1.65	-4.48	-36.30	-31.78	1.20
394	-4.41	-7.38	-2.39	-110.29	-54.86	-1.22	10.45	-3.70	0.70	48.95	-20.38	-4.51	42.88	2.52	-4.69	-21.04	-30.63	2.50
395	-0.93	-6.76	-2.41	-94.84	-49.73	0.16	14.61	-5.36	0.82	53.16	-18.41	-4.60	47.47	3.32	-4.93	-5.80	-29.69	3.61
396	3.09	-5.99	-2.47	-77.71	-44.51	1.18	19.64	-7.30	1.10	57.51	-16.17	-4.80	52.35	4.05	-5.20	9.02	-28.98	4.61
397	7.63	-5.09	-2.60	-59.43	-39.44	1.88	25.23	-9.43	1.53	62.09	-13.71	-5.18	57.54	4.66	-5.49	23.36	-28.49	5.49
398	12.59	-4.11	-2.78	-40.69	-34.67	2.27	31.42	-11.72	2.11	66.66	-11.17	-5.72	62.96	5.11	-5.80	36.94	-28.19	6.31
399	17.94	-3.09	-3.02	-21.95	-30.33	2.41	37.89	-14.09	2.84	71.26	-8.64	-6.38	68.62	5.38	-6.12	49.66	-28.07	7.09
400	23.57	-2.08	-3.31	-3.55	-26.52	2.37	44.59	-16.51	3.68	75.85	-6.11	-7.16	74.20	5.46	-6.45	61.39	-28.08	7.83
401	29.40	-1.09	-3.66	14.06	-23.27	2.17	51.39	-18.95	4.64	80.45	-3.68	-8.01	79.83	5.33	-6.76	72.16	-28.19	8.56
402	35.34	-0.19	-4.03	30.69	-20.66	1.92	58.08	-21.35	5.67	84.98	-1.37	-8.87	85.27	5.01	-7.07	81.84	-28.36	9.25
403	41.37	0.61	-4.42	45.99	-18.67	1.61	64.77	-23.72	6.78	89.49	0.82	-9.72	90.42	4.52	-7.37	90.40	-28.56	9.92
404	47.29	1.28	-4.82	59.83	-17.28	1.31	71.26	-26.03	7.95	93.79	2.86	-10.52	95.36	3.86	-7.67	97.99	-28.75	10.54
405	53.07	1.83	-5.22	72.20	-16.50	1.07	77.47	-28.25	9.17	97.87	4.71	-11.23	99.88	3.10	-7.96	104.51	-28.88	11.09
406	58.59	2.24	-5.64	82.87	-16.24	0.89	83.46	-30.39	10.44	101.67	6.37	-11.84	104.03	2.25	-8.24	110.22	-28.94	11.57
407	63.92	2.47	-6.02	91.91	-16.48	0.82	89.09	-32.41	11.71	105.09	7.77	-12.28	107.83	1.36	-8.52	115.11	-28.89	11.95
408	68.71	2.60	-6.42	99.23	-17.12	0.85	94.41	-34.28	12.94	108.09	8.88	-12.52	111.30	0.43	-8.76	119.39	-28.75	12.24
409	73.21	2.57	-6.78	105.09	-18.10	1.01	99.30	-35.96	14.12	110.54	9.65	-12.51	114.46	-0.47	-8.99	123.12	-28.45	12.37
410	77.15	2.43	-7.13	109.35	-19.31	1.30	104.01	-37.45	15.20	112.52	9.98	-12.14	117.35	-1.34	-9.18	126.52	-28.03	12.39
411	80.69	2.16	-7.42	112.32	-20.67	1.70							120.05	-2.15	-9.33	129.60	-27.45	12.22
412	83.71	1.81	-7.68	114.02	-22.10	2.21							122.54	-2.87	-9.46	132.56	-26.73	11.89
413	86.27	1.40	-7.88	114.73	-23.52	2.80							124.86	-3.49	-9.57	135.40	-25.88	11.40
414	88.33	0.95	-8.06	114.45	-24.86	3.48							127.01	-4.02	-9.64	138.20	-24.93	10.75
415	90.09	0.46	-8.18	113.51	-26.06	4.17							128.99	-4.43	-9.70	140.97	-23.89	9.94
416	91.38	-0.01	-8.31	112.03	-27.09	4.88							130.74	-4.75	-9.71	143.66	-22.77	9.00
417	92.44	-0.47	-8.40	110.05	-27.92	5.56							132.29	-4.98	-9.68	146.25	-21.64	7.97
418	93.16	-0.90	-8.50	107.88	-28.56	6.23							133.47	-5.11	-9.61	148.49	-20.48	6.83
419	93.73	-1.29	-8.60	105.48	-28.99	6.81							134.30	-5.15	-9.49	150.30	-19.36	5.66
420	94.09	-1.65	-8.69	103.05	-29.24	7.34												
421	94.35	-1.97	-8.79	100.56	-29.33	7.80												
422	94.48	-2.24	-8.90	98.17	-29.26	8.18												
423	94.56	-2.47	-9.00	95.88	-29.08	8.49												
424	94.59	-2.66	-9.09	93.65	-28.79	8.77												
425	94.60	-2.81	-9.16	91.55	-28.41	8.99												
426	94.53	-2.91	-9.22	89.58	-27.97	9.19												
427	94.51	-2.99	-9.24	87.67	-27.48	9.39												
428	94.43	-3.03	-9.26	85.90	-26.96	9.59												
429	94.40	-3.06	-9.24	84.22	-26.40	9.83												
430	94.37	-3.06	-9.21	82.59	-25.82	10.08												
431	94.35	-3.05	-9.16	81.07	-25.24	10.39												
432	94.37	-3.04	-9.08	79.62	-24.65	10.75												
433	94.44	-3.03	-8.97	78.28	-24.06	11.13												
434	94.58	-3.02	-8.85	76.96	-23.47	11.59												
435	94.75	-3.01	-8.69	75.81	-22.88	12.09												
436	95.02	-3.01	-8.49	74.66	-22.30	12.65												
437	95.30	-3.02	-8.28	73.61	-21.72	13.24												
438	95.70	-3.04	-8.02	72.64	-21.14	13.88												
439	96.07	-3.06	-7.74	71.81	-20.56	14.60												
440	96.60	-3.10	-7.40	70.95	-19.98	15.34												
441	97.12	-3.14	-7.04	70.28	-19.40	16.15												
442	97.74	-3.18	-6.63	69.63	-18.81	17.03												
443	98.42	-3.24	-6.19	69.04	-18.22	17.95												
444	99.14	-3.29	-5.72	68.59	-17.62	18.97												
445	99.91	-3.33	-5.21	68.16	-17.02	20.04												
446	100.76	-3.37	-4.66	67.76	-16.40	21.17												
447	101.62	-3.40	-4.09	67.53	-15.79	22.38												
448	102.58	-3.41	-3.48	67.28	-15.16	23.64												
449	103.51	-3.40	-2.86	67.17	-14.54	24.98												
450	104.57	-3.39	-2.22	67.05	-13.90	26.36												
451	105.64	-3.34	-1.57	67.06	-13.26	27.80												
452	106.71	-3.27	-0.92	67.12	-12.62	29.28												
453	107.93	-3.18	-0.26	67.21	-11.98	30.77												
454	109.14	-3.06	0.38	67.37	-11.35	32.28												
455	110.35	-2.92	1.00	67.59	-10.72	33.77												
456	111.71	-2.76	1.61	67.84	-10.09	35.26												
457	112.95	-2.57	2.17	68.13	-9.48	36.72												
458	114.35	-2.37	2.72	68.48	-8.87	38.16												
459	115.72	-2.15	3.23	68.86	-8.28	39.58												
460	117.07	-1.91	3.69	69.18	-7.69	40.96												
461	118.45	-1.67	4.12	69.64	-7.12	42.32												
462	119.76	-1.43	4.48	70.02	-6.55	43.65												
463	121.02	-1.18	4.79	70.42	-5.99	44.92												
464	122.29	-0.95	5.08	70.82	-5.44	46.15												
465	123.45	-0.72	5.30	71.23	-4.90	47.35												
466	124.63	-0.51	5.49	71.59	-4.37	48.49												
467	125.67	-0.30	5.62	71.97	-3.86	49.57												
468	126.67	-0.12	5.69	72.26	-3.35	50.60												
469	127.62	0.05	5.74	72.59	-2.86	51.58												
470	128.44	0.21	5.74	72.82	-2.39	52.47												
471	129.28	0.34	5.77	73.08	-1.94	53.32												
472	129.95	0.46	5.77	73.25	-1.51	54.10												
473	130.64	0.57	5.79	73.36	-1.10	54.79												
474	131.22	0.66	5.81	73.51	-0.71	55.45												
475	131.73	0.73	5.83	73.50	-0.35	56.01												
476	132.17	0.78	5.85	73.48	-0.01	56.52												
477	132.57	0.83	5.89	73.42	0.30	56.96												
478	132.87	0.85	5.92	73.31	0.57	57.34												
479	133.07	0.86	5.95	73.09	0.83	57.65												
480	133.25	0.86	5.99	72.85	1.05	57.90												
481	133.30	0.83	6.01	72.55	1.24	58.09												
482	133.28	0.79	6.04	72.18	1.41	58.23												
483	133.21	0.73	6.05	71.74	1.53	58.29												
484	133.02	0.66	6.06	71.28	1.64	58.33												
485	132.78	0.57	6.08	70.72	1.71	58.26												
486	132.41	0.47	6.08	70.16	1.76	58.19												
487	132.01	0.35	6.09	69.45	1.77	58.02												
488	131.46	0.22	6.09	68.81	1.77	57.85												
489	130.90	0.07	6.08	68.00	1.73	57.57												
490	130.17	-0.08	6.06	67.25	1.67	57.31												
491	129.45	-0.25	6.03	66.39	1.59	56.95												
492	128.55	-0.43	5.96	65.48	1.49	56.58												
493	127.68	-0.62	5.90	64.58	1.37	56.16												
494	126.68	-0.82	5.82	63.61	1.24	55.71												
495	125.58	-1.02	5.70	62.61	1.08	55.21												
496	124.50	-1.23	5.58	61.64	0.91	54.68												
497	123.28	-1.45	5.42	60.51	0.73	54.09												
498	122.08	-1.67	5.25	59.50	0.53	53.51												
499	120.73	-1.89	5.04	58.38	0.33	52.86												
500	119.44	-2.12	4.82	57.28	0.10	52.20												
501	118.01	-2.34	4.55	56.12	-0.13	51.49												
502	116.65	-2.57	4.29	55.06	-0.37	50.79												
503	115.19	-2.80	3.98	53.87	-0.62	50.02												
504	113.69	-3.02	3.65	52.78	-0.88	49.27												
505	112.20	-3.25	3.29	51.63	-1.14	48.47												
506	110.70	-3.47	2.91	50.53	-1.41	47.66												
507	109.17	-3.69	2.49	49.40	-1.68	46.84												
508	107.62	-3.91	2.05	48.29	-1.95	45.99												
509	106.09	-4.13	1.59	47.19	-2.22	45.13												
510	104.58	-4.35	1.11	46.13	-2.50	44.28												
511	102.97	-4.56	0.59	45.07	-2.77	43.39												
512	101.46	-4.77	0.07	44.01	-3.04	42.49												
513	99.94	-4.97	-0.47	43.05	-3.31	41.62												
514	98.39	-5.17	-1.04	42.00	-3.56	40.71												
515	96.87	-5.36	-1.61	41.06	-3.82	39.80												
516	95.41	-5.54	-2.18	40.08	-4.06	38.90												
517	93.95	-5.72	-2.77	39.20	-4.30	38.00												
518	92.48	-5.88	-3.37	38.32	-4.53	37.10												
519	91.12	-6.03	-3.96	37.45	-4.75	36.20												
520	89.75	-6.17	-4.55	36.67	-4.96	35.32												
521	88.39	-6.29	-5.16	35.90	-5.16	34.46												
522	87.13	-6.40	-5.73	35.15	-5.35	33.61												
523	85.88	-6.49	-6.31	34.47	-5.54	32.75												
524	84.66	-6.57	-6.87	33.78	-5.71	31.95												
525	83.48	-6.63	-7.40	33.18	-5.88	31.15												
526	82.33	-6.68	-7.92	32.59	-6.04	30.35												
527	81.22	-6.71	-8.43	32.03	-6.19	29.59												
528	80.17	-6.73	-8.90	31.48	-6.34	28.85												
529	79.11	-6.74	-9.37	30.98	-6.48	28.13												
530	78.17	-6.75	-9.80	30.51	-6.62	27.43												
531	77.16	-6.73	-10.24	30.09	-6.75	26.75												
532	76.25	-6.71	-10.63	29.61	-6.87	26.07												
533	75.36	-6.69	-11.01	29.21	-6.99	25.44												
534	74.49	-6.66	-11.37	28.83	-7.11	24.81												
535	73.61	-6.62	-11.71	28.45	-7.22	24.23												
536	72.77	-6.58	-12.03	28.06	-7.33	23.63												
537	71.99	-6.54	-12.33	27.75	-7.44	23.09												
538	71.16	-6.49	-12.61	27.41	-7.54	22.53												
539	70.38	-6.45	-12.86	27.08	-7.64	22.01												
540	69.56	-6.39	-13.10	26.72	-7.74	21.51												
541	68.87	-6.35	-13.31	26.48	-7.84	21.04												
542	68.13	-6.29	-13.50	26.12	-7.92	20.57												
543	67.44	-6.24	-13.69	25.84	-8.02	20.13												
544	66.86	-6.19	-13.85	25.56	-8.11	19.70												
545	66.30	-6.13	-13.99	25.24	-8.19	19.27												
546	65.81	-6.08	-14.12	24.98	-8.28	18.88												
547	65.30	-6.02	-14.24	24.70	-8.36	18.48												
548	64.85	-5.96	-14.35	24.41	-8.43	18.09												
549	64.43	-5.90	-14.43	24.12	-8.50	17.70												
550	64.03	-5.83	-14.52	23.91	-8.58	17.36												
551	63.66	-5.75	-14.59	23.59	-8.63	16.97												
552	63.25	-5.67	-14.66	23.34	-8.68	16.62												
553	62.93	-5.58	-14.70	23.06	-8.72	16.27												
554	62.50	-5.48	-14.76	22.86	-8.76	15.95												
555	62.21	-5.38	-14.78	22.51	-8.77	15.61												
556	61.80	-5.25	-14.81	22.33	-8.79	15.32												
557	61.40	-5.11	-14.83	22.01	-8.78	14.99												
558	61.05	-4.97	-14.82	21.80	-8.78	14.73												
559	60.61	-4.80	-14.83	21.50	-8.75	14.41												
560	60.16	-4.62	-14.81	21.21	-8.72	14.12												
561	59.75	-4.43	-14.78	20.94	-8.69	13.83												
562	59.24	-4.22	-14.74	20.54	-8.63	13.52												
563	58.69	-3.99	-14.70	20.22	-8.57	13.23												
564	58.20	-3.76	-14.62	19.82	-8.51	12.93												
565	57.62	-3.52	-14.53	19.34	-8.42	12.62												
566	57.01	-3.27	-14.44	18.94	-8.34	12.33												
567	56.33	-3.00	-14.32	18.41	-8.25	12.04												
568	55.74	-2.75	-14.19	17.92	-8.15	11.74												
569	54.99	-2.47	-14.06	17.29	-8.04	11.42												
570	54.30	-2.19	-13.92	16.78	-7.93	11.14												
571	53.62	-1.92	-13.77	16.15	-7.81	10.84												
572	52.83	-1.63	-13.62	15.48	-7.68	10.52												
573	52.09	-1.36	-13.44	14.86	-7.55	10.23												
574	51.24	-1.08	-13.28	14.20	-7.41	9.92												
575	50.48	-0.82	-13.08	13.48	-7.26	9.61												
576	49.60	-0.55	-12.90	12.80	-7.13	9.33												
577	48.72	-0.29	-12.70	12.07	-6.97	9.01												
578	47.81	-0.04	-12.49	11.36	-6.83	8.73												
579	46.88	0.20	-12.28	10.62	-6.68	8.43												
580	45.91	0.44	-12.06	9.87	-6.53	8.15												
581	44.95	0.67	-11.85	9.17	-6.40	7.91												
582	43.96	0.89	-11.62	8.39	-6.26	7.63												
583	42.95	1.10	-11.39	7.67	-6.15	7.40												
584	41.94	1.31	-11.16	6.92	-6.04	7.18												
585	40.89	1.52	-10.93	6.19	-5.94	6.97												
586	39.92	1.70	-10.68	5.45	-5.85	6.77												
587	38.85	1.90	-10.44	4.68	-5.77	6.57												
588	37.84	2.08	-10.19	3.99	-5.70	6.39												
589	36.76	2.25	-9.93	3.25	-5.64	6.22												
590	35.76	2.40	-9.65	2.52	-5.58	6.03												
591	34.67	2.54	-9.37	1.85	-5.55	5.90												
592	33.64	2.66	-9.06	1.14	-5.49	5.72												
593	32.58	2.78	-8.76	0.56	-5.47	5.59												
594	31.52	2.87	-8.45	-0.09	-5.44	5.45												
595	30.47	2.96	-8.14	-0.66	-5.40	5.30												
596	29.46	3.01	-7.81	-1.22	-5.36	5.16												
597	28.43	3.07	-7.50	-1.74	-5.35	5.05												
598	27.45	3.10	-7.18	-2.27	-5.30	4.89												
599	26.48	3.12	-6.86	-2.69	-5.29	4.79												
600	25.50	3.13	-6.56	-3.19	-5.24	4.65												
601	24.63	3.12	-6.26	-3.61	-5.23	4.55												
602	23.74	3.10	-5.97	-4.04	-5.19	4.42												
603	22.91	3.08	-5.69	-4.44	-5.18	4.33												
604	22.08	3.04	-5.42	-4.79	-5.17	4.24												
605	21.35	2.99	-5.17	-5.18	-5.16	4.15												
606	20.65	2.94	-4.93	-5.52	-5.15	4.08												
607	19.94	2.88	-4.70	-5.91	-5.15	4.00												
608	19.39	2.82	-4.48	-6.15	-5.18	3.97												
609	18.73	2.77	-4.29	-6.50	-5.18	3.90												
610	18.27	2.69	-4.10	-6.80	-5.20	3.86												
611	17.75	2.63	-3.92	-7.06	-5.22	3.82												
612	17.27	2.58	-3.76	-7.34	-5.25	3.77												
613	16.92	2.51	-3.61	-7.58	-5.28	3.74												
614	16.50	2.46	-3.47	-7.79	-5.31	3.71												
615	16.18	2.41	-3.34	-8.00	-5.35	3.69												
616	15.91	2.36	-3.23	-8.19	-5.38	3.65												
617	15.64	2.33	-3.12	-8.35	-5.42	3.64												
618	15.39	2.29	-3.02	-8.52	-5.44	3.60												
619	15.21	2.26	-2.93	-8.63	-5.48	3.58												
620	15.02	2.24	-2.84	-8.76	-5.53	3.55												
621	14.88	2.23	-2.77	-8.84	-5.56	3.52												
622	14.77	2.22	-2.70	-8.92	-5.60	3.50												
623	14.64	2.22	-2.63	-9.02	-5.62	3.45												
624	14.56	2.22	-2.58	-8.97	-5.69	3.45												
625	14.49	2.23	-2.52	-9.04	-5.71	3.40												
626	14.49	2.23	-2.47	-9.01	-5.76	3.38												
627	14.39	2.26	-2.44	-8.93	-5.82	3.37												
628	14.43	2.27	-2.39	-8.93	-5.85	3.33												
629	14.40	2.30	-2.36	-8.82	-5.92	3.32												
630	14.40	2.33	-2.33	-8.68	-6.00	3.32												
631	14.42	2.36	-2.30	-8.62	-6.05	3.29												
632	14.48	2.39	-2.27	-8.44	-6.14	3.30												
633	14.54	2.43	-2.25	-8.28	-6.23	3.30												
634	14.58	2.47	-2.24	-8.12	-6.31	3.30												
635	14.65	2.52	-2.22	-7.91	-6.42	3.32												
636	14.80	2.56	-2.21	-7.73	-6.52	3.32												
637	14.88	2.61	-2.20	-7.48	-6.64	3.34												
638	15.01	2.66	-2.20	-7.29	-6.74	3.35												
639	15.17	2.71	-2.20	-6.99	-6.88	3.38												
640	15.31	2.76	-2.20	-6.76	-6.98	3.38												
641	15.47	2.82	-2.20	-6.46	-7.11	3.41												
642	15.65	2.88	-2.21	-6.16	-7.23	3.42												
643	15.84	2.94	-2.22	-5.89	-7.33	3.42												
644	15.99	3.01	-2.23	-5.55	-7.47	3.44												
645	16.22	3.07	-2.24	-5.25	-7.56	3.44												
646	16.41	3.14	-2.26	-4.91	-7.67	3.45												
647	16.60	3.22	-2.28	-4.55	-7.76	3.45												
648	16.80	3.29	-2.30	-4.23	-7.87	3.46												
649	17.03	3.36	-2.32	-3.84	-7.94	3.46												
650	17.22	3.44	-2.34	-3.51	-8.03	3.47												
651	17.45	3.51	-2.36	-3.17	-8.09	3.46												
652	17.63	3.59	-2.38	-2.72	-8.17	3.47												
653	17.86	3.66	-2.41	-2.42	-8.22	3.47												
654	18.10	3.72	-2.42	-2.06	-8.26	3.47												
655	18.29	3.79	-2.44	-1.62	-8.31	3.47												
656	18.51	3.86	-2.46	-1.29	-8.34	3.46												
657	18.69	3.93	-2.48	-0.88	-8.37	3.45												
658	18.95	3.98	-2.50	-0.49	-8.38	3.44												
659	19.11	4.05	-2.52	-0.06	-8.39	3.43												
660	19.28	4.11	-2.54	0.26	-8.37	3.40												
661	19.51	4.16	-2.55	0.75	-8.37	3.39												
662	19.62	4.22	-2.57	1.09	-8.32	3.35												
663	19.76	4.28	-2.59	1.45	-8.26	3.31												
664	19.84	4.34	-2.61	1.81	-8.18	3.26												
665	19.89	4.42	-2.64	2.19	-8.10	3.21												
666	19.85	4.50	-2.66	2.42	-7.96	3.12												
667	19.79	4.58	-2.68	2.69	-7.81	3.04												
668	19.54	4.70	-2.72	2.84	-7.62	2.94												
669	19.29	4.83	-2.75	2.98	-7.42	2.83												
670																		
671																		