	D:\RTS 2.0\Data\Walker, Alex_AW\2026-04-02_\DL 1.c3d	D:\RTS 2.0\Data\Walker, Alex_AW\2026-04-02_\DL 1.c3d	D:\RTS 2.0\Data\Walker, Alex_AW\2026-04-02_\DL 1.c3d	D:\RTS 2.0\Data\Walker, Alex_AW\2026-04-02_\DL 1.c3d	D:\RTS 2.0\Data\Walker, Alex_AW\2026-04-02_\DL 1.c3d	D:\RTS 2.0\Data\Walker, Alex_AW\2026-04-02_\DL 1.c3d	D:\RTS 2.0\Data\Walker, Alex_AW\2026-04-02_\DL 2.c3d	D:\RTS 2.0\Data\Walker, Alex_AW\2026-04-02_\DL 2.c3d	D:\RTS 2.0\Data\Walker, Alex_AW\2026-04-02_\DL 2.c3d	D:\RTS 2.0\Data\Walker, Alex_AW\2026-04-02_\DL 2.c3d	D:\RTS 2.0\Data\Walker, Alex_AW\2026-04-02_\DL 2.c3d	D:\RTS 2.0\Data\Walker, Alex_AW\2026-04-02_\DL 2.c3d	D:\RTS 2.0\Data\Walker, Alex_AW\2026-04-02_\DL 3.c3d	D:\RTS 2.0\Data\Walker, Alex_AW\2026-04-02_\DL 3.c3d	D:\RTS 2.0\Data\Walker, Alex_AW\2026-04-02_\DL 3.c3d	D:\RTS 2.0\Data\Walker, Alex_AW\2026-04-02_\DL 3.c3d	D:\RTS 2.0\Data\Walker, Alex_AW\2026-04-02_\DL 3.c3d	D:\RTS 2.0\Data\Walker, Alex_AW\2026-04-02_\DL 3.c3d
	L_Knee_Moment	L_Knee_Moment	L_Knee_Moment	R_Knee_Moment	R_Knee_Moment	R_Knee_Moment	L_Knee_Moment	L_Knee_Moment	L_Knee_Moment	R_Knee_Moment	R_Knee_Moment	R_Knee_Moment	L_Knee_Moment	L_Knee_Moment	L_Knee_Moment	R_Knee_Moment	R_Knee_Moment	R_Knee_Moment
	LINK_MODEL_BASED	LINK_MODEL_BASED	LINK_MODEL_BASED	LINK_MODEL_BASED	LINK_MODEL_BASED	LINK_MODEL_BASED	LINK_MODEL_BASED	LINK_MODEL_BASED	LINK_MODEL_BASED	LINK_MODEL_BASED	LINK_MODEL_BASED	LINK_MODEL_BASED	LINK_MODEL_BASED	LINK_MODEL_BASED	LINK_MODEL_BASED	LINK_MODEL_BASED	LINK_MODEL_BASED	LINK_MODEL_BASED
	ORIGINAL	ORIGINAL	ORIGINAL	ORIGINAL	ORIGINAL	ORIGINAL	ORIGINAL	ORIGINAL	ORIGINAL	ORIGINAL	ORIGINAL	ORIGINAL	ORIGINAL	ORIGINAL	ORIGINAL	ORIGINAL	ORIGINAL	ORIGINAL
ITEM	X	Y	Z	X	Y	Z	X	Y	Z	X	Y	Z	X	Y	Z	X	Y	Z
1																		
2																		
3	2.68	-3.45	0.08	2.47	-2.92	0.15	0.43	-0.17	-0.15	5.49	-1.53	0.01	0.89	-2.69	0.11	0.08	-0.52	0.02
4	1.62	-3.46	0.19	2.01	-3.23	0.24	0.08	-0.08	-0.13	3.84	-1.71	0.04	-0.68	-2.76	0.20	-0.88	-0.59	0.07
5	0.46	-3.40	0.30	1.49	-3.48	0.34	-0.32	0.10	-0.09	1.86	-1.88	0.08	-2.39	-2.80	0.32	-1.97	-0.57	0.11
6	-0.78	-3.23	0.41	0.88	-3.68	0.46	-0.75	0.37	-0.06	-0.29	-1.99	0.13	-4.08	-2.82	0.44	-3.13	-0.51	0.15
7	-2.10	-3.02	0.52	0.15	-3.80	0.58	-1.10	0.70	-0.04	-2.59	-2.14	0.21	-5.84	-2.78	0.58	-4.29	-0.39	0.18
8	-3.34	-2.75	0.61	-0.53	-3.89	0.72	-1.51	1.10	-0.02	-4.96	-2.22	0.29	-7.51	-2.72	0.72	-5.37	-0.23	0.21
9	-4.61	-2.42	0.70	-1.31	-3.89	0.85	-1.89	1.55	-0.02	-7.33	-2.34	0.41	-9.09	-2.64	0.87	-6.46	-0.05	0.23
10	-5.72	-2.06	0.76	-2.00	-3.87	0.99	-2.19	2.02	-0.03	-9.64	-2.43	0.53	-10.51	-2.54	1.01	-7.40	0.11	0.24
11	-12.07	2.29	-1.86	-2.66	-3.79	1.13	-2.53	2.51	-0.07	-11.75	-2.55	0.69	21.41	20.80	-2.52	-8.16	0.29	0.25
12	-12.39	2.70	-2.18	-33.33	-109.64	20.48	-2.66	2.97	-0.14	-13.71	-2.62	0.85	23.47	22.50	-3.20	-8.76	0.40	0.26
13	-11.54	2.91	-2.53	-32.37	-106.47	22.38	-2.78	3.41	-0.23	-17.81	-51.62	7.38	25.85	23.65	-3.93	-60.69	-4.49	3.65
14	-9.49	2.92	-2.89	-30.17	-101.02	23.85	-25.19	24.97	-3.81	-17.06	-48.04	8.43	28.60	24.21	-4.65	-62.47	-3.91	3.97
15	-6.17	2.71	-3.22	-26.80	-93.55	24.79	-26.22	24.36	-4.18	-15.37	-43.48	9.16	31.73	24.17	-5.33	-62.19	-3.57	4.31
16	-1.61	2.29	-3.53	-22.36	-84.54	25.16	-26.06	23.03	-4.42	-12.81	-38.16	9.53	35.20	23.56	-5.95	-60.03	-3.39	4.64
17	4.00	1.67	-3.78	-17.07	-74.56	24.97	-24.54	21.05	-4.50	-9.40	-32.43	9.54	38.98	22.44	-6.46	-56.07	-3.45	5.01
18	10.54	0.91	-3.98	-11.16	-64.16	24.23	-21.68	18.53	-4.39	-5.34	-26.56	9.17	43.03	20.88	-6.85	-50.50	-3.73	5.40
19	17.80	0.05	-4.11	-4.89	-53.81	23.00	-17.45	15.61	-4.09	-0.70	-20.90	8.49	47.25	19.01	-7.12	-43.66	-4.19	5.81
20	25.58	-0.89	-4.18	1.57	-43.97	21.41	-12.00	12.47	-3.58	4.35	-15.70	7.57	51.64	16.91	-7.26	-35.86	-4.80	6.25
21	33.65	-1.86	-4.19	8.03	-34.93	19.58	-5.49	9.27	-2.89	9.61	-11.10	6.51	56.13	14.68	-7.30	-27.33	-5.52	6.73
22	41.86	-2.88	-4.12	14.35	-26.94	17.69	1.89	6.16	-2.06	15.07	-7.23	5.43	60.69	12.36	-7.24	-18.39	-6.30	7.21
23	49.97	-3.93	-3.98	20.39	-20.11	15.85	9.93	3.22	-1.13	20.55	-4.13	4.41	65.26	10.03	-7.11	-9.32	-7.11	7.70
24	57.78	-4.98	-3.78	26.06	-14.50	14.18	18.36	0.55	-0.15	25.97	-1.85	3.59	69.72	7.72	-6.90	-0.28	-7.94	8.22
25	65.18	-6.03	-3.51	31.26	-10.08	12.76	26.93	-1.82	0.86	31.27	-0.32	2.98	74.17	5.45	-6.61	8.44	-8.75	8.72
26	72.00	-7.04	-3.18	35.96	-6.72	11.60	35.37	-3.85	1.85	36.34	0.47	2.69	78.32	3.29	-6.26	16.65	-9.53	9.23
27	78.11	-7.96	-2.81	40.16	-4.30	10.70	43.50	-5.53	2.78	41.12	0.63	2.70	82.27	1.23	-5.84	24.35	-10.27	9.70
28	83.54	-8.79	-2.41	43.85	-2.68	10.02	51.11	-6.84	3.63	45.60	0.23	3.02	85.83	-0.68	-5.39	31.29	-10.94	10.13
29	88.14	-9.44	-2.03	47.02	-1.68	9.51	58.05	-7.78	4.36	49.70	-0.62	3.62	88.98	-2.40	-4.92	37.60	-11.56	10.51
30	92.01	-9.94	-1.64	49.67	-1.17	9.12	64.19	-8.36	4.95	53.41	-1.80	4.43	91.74	-3.94	-4.43	43.02	-12.09	10.82
31	95.15	-10.24	-1.29	51.86	-1.01	8.80	69.52	-8.62	5.39	56.67	-3.24	5.44	93.98	-5.24	-3.96	47.72	-12.53	11.06
32	97.59	-10.35	-0.97	53.58	-1.14	8.56	74.06	-8.59	5.68	59.52	-4.84	6.57	95.82	-6.33	-3.50	51.77	-12.90	11.25
33	99.44	-10.27	-0.68	54.93	-1.47	8.37	77.82	-8.31	5.83	61.93	-6.52	7.79	97.18	-7.18	-3.07	55.00	-13.19	11.38
34	100.68	-10.01	-0.44	55.82	-1.91	8.19	80.89	-7.82	5.85	63.87	-8.21	9.05	98.15	-7.81	-2.66	57.69	-13.39	11.46
35	101.52	-9.60	-0.22	56.42	-2.46	8.09	83.28	-7.15	5.76	65.47	-9.89	10.37	98.74	-8.22	-2.28	59.81	-13.54	11.53
36	101.90	-9.04	-0.05	56.69	-3.07	8.04	85.14	-6.35	5.58	66.70	-11.49	11.68	99.02	-8.45	-1.91	61.36	-13.61	11.58
37	102.01	-8.38	0.11	56.66	-3.71	8.04	86.49	-5.46	5.34	67.57	-12.99	12.98	99.03	-8.50	-1.57	62.46	-13.62	11.61
38	101.82	-7.63	0.24	56.43	-4.37	8.13	87.45	-4.50	5.04	68.15	-14.37	14.28	98.82	-8.40	-1.25	63.23	-13.60	11.66
39	101.42	-6.81	0.34	56.03	-5.04	8.29	88.05	-3.51	4.71	68.43	-15.60	15.50	98.43	-8.17	-0.94	63.57	-13.52	11.72
40	100.92	-5.94	0.43	55.55	-5.70	8.53	88.43	-2.51	4.38	68.49	-16.70	16.71	97.98	-7.83	-0.64	63.63	-13.41	11.79
41	100.26	-5.04	0.47	55.05	-6.36	8.86	88.59	-1.54	4.04	68.32	-17.63	17.82	97.38	-7.40	-0.36	63.43	-13.28	11.89
42	99.50	-4.12	0.49	54.45	-7.01	9.25	88.53	-0.59	3.70	67.94	-18.40	18.87	96.68	-6.90	-0.10	63.03	-13.14	12.03
43	98.74	-3.20	0.48	54.01	-7.64	9.72	88.48	0.30	3.41	67.46	-19.04	19.85	96.07	-6.35	0.16	62.44	-12.96	12.18
44	97.92	-2.29	0.45	53.51	-8.25	10.25	88.29	1.13	3.14	66.81	-19.52	20.73	95.29	-5.75	0.40	61.71	-12.80	12.40
45	97.07	-1.40	0.42	53.18	-8.82	10.80	88.06	1.88	2.92	66.16	-19.89	21.56	94.61	-5.14	0.64	60.86	-12.61	12.62
46	96.26	-0.55	0.39	52.88	-9.35	11.39	87.81	2.55	2.76	65.40	-20.14	22.32	93.89	-4.52	0.89	59.92	-12.42	12.90
47	95.47	0.25	0.38	52.76	-9.85	12.00	87.53	3.14	2.65	64.66	-20.30	23.03	93.22	-3.90	1.13	58.96	-12.22	13.20
48	94.77	1.01	0.41	52.67	-10.30	12.60	87.30	3.64	2.64	63.94	-20.36	23.69	92.57	-3.28	1.36	57.95	-12.02	13.54
49	94.05	1.72	0.46	52.70	-10.70	13.22	87.07	4.07	2.69	63.25	-20.36	24.32	91.99	-2.68	1.60	56.93	-11.81	13.90
50	93.43	2.37	0.57	52.84	-11.05	13.82	86.88	4.41	2.83	62.63	-20.29	24.92	91.49	-2.10	1.83	55.91	-11.59	14.30
51	92.92	2.97	0.73	53.07	-11.35	14.44	86.74	4.68	3.05	62.09	-20.18	25.50	90.98	-1.53	2.07	54.98	-11.36	14.72
52	92.41	3.52	0.94	53.37	-11.62	15.09	86.67	4.88	3.37	61.58	-20.01	26.06	90.63	-0.99	2.30	54.01	-11.13	15.17
53	92.08	4.01	1.21	53.72	-11.83	15.70	86.65	5.01	3.76	61.25	-19.81	26.60	90.28	-0.46	2.52	53.14	-10.89	15.64
54	91.77	4.45	1.52	54.12	-12.00	16.35	86.73	5.08	4.25	60.96	-19.57	27.13	90.02	0.04	2.73	52.38	-10.66	16.15
55	91.56	4.85	1.88	54.65	-12.13	17.01	86.82	5.10	4.82	60.79	-19.31	27.65	89.92	0.51	2.96	51.64	-10.42	16.71
56	91.45	5.20	2.30	55.10	-12.22	17.68	87.03	5.07	5.48	60.74	-19.03	28.19	89.77	0.98	3.16	50.95	-10.17	17.27
57	91.39	5.51	2.76	55.64	-12.28	18.36	87.24	5.00	6.21	60.79	-18.73	28.71	89.74	1.42	3.37	50.35	-9.93	17.90
58	91.43	5.77	3.27	56.20	-12.31	19.06	87.51	4.90	7.02	60.90	-18.41	29.23	89.83	1.84	3.60	49.83	-9.69	18.57
59	91.49	6.01	3.81	56.74	-12.30	19.77	87.84	4.77	7.88	61.14	-18.08	29.78	89.91	2.25	3.82	49.40	-9.45	19.29
60	91.64	6.21	4.40	57.23	-12.27	20.51	88.20	4.62	8.79	61.40	-17.74	30.30	90.04	2.64	4.07	48.96	-9.20	20.03
61	91.83	6.38	5.00	57.76	-12.22	21.25	88.55	4.46	9.75	61.70	-17.39	30.84	90.25	3.01	4.32	48.66	-8.96	20.83
62	92.08	6.51	5.65	58.20	-12.15	22.02	88.88	4.30	10.74	62.05	-17.03	31.38	90.50	3.38	4.59	48.30	-8.70	21.61
63	92.33	6.63	6.32	58.63	-12.06	22.80	89.30	4.12	11.77	62.41	-16.66	31.92	90.74	3.74	4.87	48.06	-8.44	22.47
64	92.58	6.73	7.00	58.95	-11.95	23.63	89.59	3.96	12.80	62.77	-16.28	32.47	91.07	4.08	5.17	47.82	-8.18	23.31
65	92.92	6.80	7.72	59.30	-11.83	24.46	89.96	3.80	13.86	63.16	-15.90	33.01	91.43	4.42	5.49	47.58	-7.90	24.18
66	93.18	6.86	8.45	59.58	-11.71	25.33	90.23	3.66	14.92	63.51	-15.51	33.56	91.78	4.76	5.82	47.38	-7.61	25.05
67	93.48	6.91	9.19	59.75	-11.56	26.20	90.45	3.53	15.98	63.90	-15.11	34.11	92.20	5.09	6.17	47.24	-7.31	25.94
68	93.78	6.94	9.94	59.91	-11.41	27.10	90.66	3.42	17.04	64.18	-14.70	34.65	92.63	5.42	6.53	47.08	-6.99	26.81
69	94.02	6.98	10.68	59.98	-11.23	27.99	90.73	3.34	18.07	64.52	-14.29	35.21	93.15	5.74	6.93	46.94	-6.65	27.69
70	94.25	7.01	11.44	60.05	-11.05	28.92	90.84	3.27	19.09	64.79	-13.87	35.76	93.63	6.06	7.34	46.85	-6.30	28.58
71	94.50	7.03	12.22	60.00	-10.85	29.84	90.79	3.24	20.06	65.07	-13.43	36.30	94.20	6.38	7.77	46.77	-5.93	29.45
72	94.64	7.06	12.97	59.96	-10.64	30.76	90.69	3.23	21.00	65.27	-12.99	36.86	94.79	6.69	8.23	46.71	-5.53	30.32
73	94.79	7.08	13.75	59.89	-10.41	31.69	90.45	3.25	21.91	65.44	-12.53	37.41	95.38	7.00	8.71	46.64	-5.12	31.15
74	94.91	7.09	14.53	59.71	-10.16	32.60	90.13	3.29	22.78	65.61	-12.07	37.96	95.99	7.30	9.20	46.66	-4.70	31.98
75	94.95	7.11	15.30	59.59	-9.89	33.49	89.72	3.36	23.63	65.74	-11.60	38.50	96.68	7.59	9.74	46.65	-4.26	32.78
76	94.96	7.12	16.07	59.43	-9.61	34.34	89.10	3.46	24.43	65.83	-11.11	39.03	97.35	7.87	10.30	46.72	-3.82	33.58
77	94.94	7.13	16.86	59.26	-9.32	35.18	88.42	3.59	25.21	65.91	-10.62	39.55	98.02	8.15	10.88	46.80	-3.37	34.32
78	94.83	7.13	17.63	59.09	-9.01	35.96	87.60	3.73	25.95	66.00	-10.12	40.06	98.74	8.40	11.48	46.89	-2.91	35.06
79	94.73	7.13	18.42	58.91	-8.70	36.68	86.59	3.91	26.65	66.03	-9.61	40.54	99.42	8.63	12.08	47.04	-2.45	35.77
80	94.54	7.12	19.17	58.74	-8.38	37.34	85.54	4.11	27.32	66.13	-9.11	41.02	100.17	8.84	12.71	47.24	-1.99	36.46
81	94.35	7.11	19.93	58.61	-8.06	37.95	84.34	4.33	27.96	66.15	-8.61	41.46	100.88	9.04	13.32	47.45	-1.54	37.11
82	94.08	7.09	20.66	58.48	-7.74	38.51	83.03	4.57	28.56	66.25	-8.12	41.85	101.58	9.21	13.94	47.70	-1.10	37.77
83	93.82	7.07	21.39	58.35	-7.42	39.03	81.67	4.82	29.12	66.30	-7.63	42.24	102.32	9.36	14.58	47.96	-0.67	38.36
84	93.46	7.04	22.09	58.27	-7.11	39.54	80.21	5.09	29.66	66.36	-7.16	42.56	102.99	9.49	15.20	48.30	-0.26	38.96
85	93.11	7.01	22.79	58.22	-6.82	40.04	78.72	5.38	30.15	66.47	-6.70	42.86	103.68	9.60	15.84	48.62	0.13	39.54
86	92.66	6.99	23.43	58.15	-6.53	40.52	77.17	5.67	30.61	66.53	-6.25	43.09	104.38	9.69	16.48	48.96	0.49	40.08
87	92.19	6.96	24.08	58.09	-6.24	40.97	75.62	5.97	31.04	66.61	-5.83	43.30	105.04	9.77	17.11	49.32	0.83	40.63
88	91.71	6.93	24.70	57.99	-5.97	41.39	74.02	6.28	31.42	66.67	-5.43	43.44	105.67	9.83	17.73	49.68	1.13	41.14
89	91.16	6.90	25.28	57.85	-5.71	41.79	72.46	6.59	31.79	66.74	-5.04	43.56	106.27	9.88	18.34	50.10	1.41	41.66
90	90.58	6.88	25.85	57.70	-5.45	42.17	70.86	6.90	32.12	66.78	-4.67	43.65	106.90	9.91	18.94	50.46	1.66	42.16
91	89.97	6.86	26.38	57.47	-5.21	42.49	69.33	7.20	32.43	66.82	-4.33	43.70	107.44	9.93	19.51	50.84	1.87	42.64
92	89.31	6.85	26.88	57.18	-4.98	42.82	67.78	7.50	32.70	66.84	-3.99	43.75	107.98	9.93	20.07	51.18	2.06	43.14
93	88.67	6.84	27.35	56.90	-4.75	43.10	66.30	7.79	32.96	66.85	-3.67	43.78	108.45	9.92	20.60	51.56	2.21	43.60
94	87.99	6.84	27.78	56.47	-4.54	43.38	64.89	8.07	33.18	66.77	-3.36	43.80	108.95	9.89	21.11	51.88	2.34	44.08
95	87.28	6.84	28.17	56.07	-4.33	43.63	63.49	8.33	33.38	66.73	-3.07	43.83	109.27	9.86	21.57	52.16	2.44	44.54
96	86.61	6.83	28.54	55.55	-4.13	43.86	62.21	8.57	33.58	66.63	-2.77	43.85	109.67	9.81	22.03	52.42	2.52	44.99
97	85.92	6.83	28.86	54.97	-3.93	44.07	60.95	8.80	33.73	66.48	-2.48	43.88	109.95	9.75	22.43	52.65	2.57	45.44
98	85.21	6.83	29.14	54.42	-3.74	44.27	59.84	9.00	33.89	66.30	-2.20	43.90	110.16	9.68	22.82	52.84	2.61	45.88
99	84.58	6.82	29.39	53.72	-3.56	44.47	58.72	9.19	34.00	66.08	-1.92	43.92	110.33	9.59	23.16	52.97	2.63	46.32
100	83.93	6.81	29.60	53.07	-3.38	44.64	57.83	9.34	34.12	65.83	-1.65	43.93	110.45	9.49	23.49	53.06	2.63	46.76
101	83.30	6.80	29.76	52.28	-3.20	44.79	56.90	9.47	34.19	65.55	-1.39	43.95	110.50	9.38	23.76	53.07	2.61	47.16
102	82.74	6.78	29.91	51.48	-3.02	44.92	56.12	9.58	34.26	65.17	-1.13	43.94	110.45	9.27	24.02	53.05	2.60	47.60
103	82.16	6.75	30.01	50.70	-2.85	45.06	55.42	9.67	34.33	64.84	-0.88	43.95	110.34	9.14	24.24	52.92	2.57	47.99
104	81.68	6.72	30.09	49.83	-2.68	45.16	54.76	9.73	34.36	64.37	-0.62	43.94	110.21	9.00	24.44	52.77	2.53	48.40
105	81.19	6.68	30.13	48.91	-2.51	45.22	54.26	9.76	34.40	63.96	-0.38	43.94	109.98	8.86	24.62	52.56	2.49	48.77
106	80.76	6.64	30.15	48.01	-2.35	45.28	53.76	9.77	34.41	63.42	-0.14	43.91	109.67	8.71	24.76	52.23	2.44	49.11
107	80.36	6.59	30.14	47.10	-2.19	45.33	53.35	9.77	34.41	62.95	0.10	43.91	109.31	8.55	24.87	51.89	2.39	49.44
108	80.00	6.54	30.11	46.14	-2.02	45.33	53.06	9.73	34.41	62.35	0.34	43.87	108.93	8.39	24.97	51.43	2.33	49.70
109	79.67	6.48	30.06	45.23	-1.87	45.33	52.79	9.69	34.39	61.78	0.57	43.83	108.43	8.22	25.03	50.94	2.27	49.94
110	79.34	6.42	29.99	44.24	-1.71	45.31	52.61	9.62	34.37	61.20	0.80	43.81	107.94	8.05	25.08	50.36	2.20	50.10
111	79.07	6.36	29.92	43.35	-1.56	45.25	52.48	9.53	34.33	60.54	1.02	43.72	107.32	7.88	25.08	49.69	2.14	50.23
112	78.78	6.30	29.82	42.42	-1.40	45.20	52.48	9.43	34.30	59.92	1.24	43.68	106.75	7.71	25.09	48.99	2.06	50.29
113	78.52	6.24	29.72	41.51	-1.26	45.12	52.41	9.32	34.23	59.29	1.45	43.60	106.07	7.53	25.05	48.23	1.99	50.31
114	78.30	6.17	29.63	40.66	-1.12	45.04	52.51	9.19	34.18	58.64	1.67	43.54	105.37	7.36	25.00	47.36	1.92	50.24
115	78.06	6.11	29.51	39.82	-0.98	44.95	52.59	9.06	34.10	58.00	1.87	43.46	104.65	7.19	24.92	46.51	1.84	50.17
116	77.82	6.06	29.39	39.04	-0.85	44.86	52.76	8.91	34.02	57.39	2.08	43.42	103.86	7.03	24.81	45.63	1.77	50.06
117	77.64	6.00	29.28	38.31	-0.72	44.77	52.89	8.77	33.91	56.74	2.27	43.32	103.07	6.86	24.69	44.64	1.70	49.90
118	77.43	5.94	29.15	37.57	-0.60	44.66	53.13	8.61	33.81	56.12	2.46	43.28	102.24	6.71	24.54	43.72	1.63	49.71
119	77.21	5.89	29.02	36.92	-0.50	44.54	53.34	8.45	33.68	55.57	2.64	43.23	101.42	6.56	24.38	42.77	1.57	49.50
120	77.06	5.84	28.90	36.31	-0.39	44.42	53.62	8.29	33.56	54.96	2.82	43.19	100.51	6.41	24.17	41.77	1.50	49.22
121	76.82	5.79	28.76	35.72	-0.30	44.27	53.88	8.14	33.41	54.36	2.99	43.17	99.65	6.28	23.96	40.76	1.43	48.94
122	76.66	5.74	28.63	35.21	-0.22	44.14	54.16	7.98	33.25	53.85	3.14	43.16	98.74	6.15	23.71	39.79	1.35	48.61
123	76.45	5.69	28.49	34.70	-0.14	43.98	54.42	7.83	33.07	53.27	3.30	43.17	97.83	6.03	23.45	38.77	1.28	48.24
124	76.26	5.64	28.35	34.26	-0.08	43.83	54.76	7.69	32.90	52.72	3.43	43.18	96.92	5.91	23.16	37.79	1.20	47.85
125	76.03	5.60	28.19	33.86	-0.02	43.66	55.01	7.55	32.69	52.19	3.56	43.20	95.94	5.81	22.83	36.83	1.12	47.42
126	75.86	5.55	28.05	33.47	0.03	43.50	55.30	7.42	32.48	51.59	3.67	43.22	95.04	5.71	22.50	35.84	1.03	46.95
127	75.62	5.51	27.88	33.13	0.06	43.31	55.56	7.30	32.26	51.06	3.76	43.25	94.09	5.63	22.13	34.92	0.94	46.46
128	75.44	5.46	27.73	32.80	0.09	43.14	55.78	7.19	32.01	50.50	3.83	43.27	93.17	5.55	21.76	34.02	0.84	45.93
129	75.18	5.43	27.55	32.49	0.11	42.92	56.06	7.09	31.78	49.93	3.89	43.30	92.22	5.48	21.36	33.07	0.74	45.36
130	74.96	5.39	27.37	32.24	0.12	42.75	56.23	6.99	31.51	49.34	3.94	43.30	91.27	5.41	20.92	32.26	0.63	44.79
131	74.77	5.35	27.19	31.94	0.12	42.52	56.45	6.91	31.24	48.75	3.96	43.31	90.37	5.35	20.50	31.41	0.52	44.17
132	74.53	5.31	26.99	31.73	0.12	42.31	56.59	6.83	30.95	48.19	3.98	43.33	89.46	5.30	20.04	30.60	0.41	43.55
133	74.29	5.28	26.79	31.43	0.10	42.07	56.75	6.76	30.66	47.60	3.97	43.31	88.55	5.26	19.58	29.84	0.28	42.90
134	74.04	5.25	26.58	31.25	0.07	41.83	56.85	6.69	30.35	47.00	3.96	43.32	87.64	5.22	19.09	29.08	0.16	42.23
135	73.85	5.21	26.37	30.98	0.04	41.59	56.94	6.63	30.03	46.45	3.93	43.30	86.76	5.19	18.60	28.40	0.03	41.58
136	73.59	5.18	26.15	30.77	-0.00	41.32	57.03	6.58	29.71	45.80	3.90	43.29	85.93	5.16	18.12	27.70	-0.10	40.90
137	73.35	5.14	25.92	30.49	-0.05	41.05	57.05	6.54	29.37	45.27	3.86	43.28	85.03	5.14	17.60	27.07	-0.24	40.24
138	73.09	5.11	25.69	30.34	-0.11	40.79	57.07	6.49	29.03	44.70	3.82	43.24	84.20	5.13	17.10	26.51	-0.37	39.58
139	72.86	5.07	25.45	30.03	-0.18	40.49	57.05	6.46	28.69	44.10	3.77	43.21	83.39	5.12	16.60	25.88	-0.51	38.91
140	72.63	5.04	25.22	29.88	-0.25	40.21	57.01	6.42	28.34	43.53	3.73	43.17	82.57	5.11	16.09	25.39	-0.66	38.26
141	72.33	5.00	24.96	29.58	-0.32	39.90	56.97	6.39	28.00	42.96	3.68	43.13	81.74	5.11	15.58	24.85	-0.80	37.60
142	72.10	4.97	24.73	29.43	-0.40	39.61	56.85	6.36	27.65	42.38	3.63	43.08	80.98	5.11	15.08	24.46	-0.95	36.96
143	71.79	4.93	24.48	29.14	-0.49	39.29	56.78	6.34	27.31	41.84	3.59	43.01	80.20	5.12	14.58	23.95	-1.10	36.31
144	71.58	4.89	24.25	28.97	-0.58	38.99	56.65	6.31	26.98	41.24	3.55	42.95	79.43	5.13	14.08	23.62	-1.26	35.68
145	71.22	4.85	23.98	28.72	-0.67	38.66	56.48	6.29	26.64	40.73	3.52	42.89	78.70	5.14	13.59	23.24	-1.41	35.04
146	70.99	4.80	23.75	28.51	-0.76	38.35	56.34	6.26	26.32	40.15	3.49	42.79	77.97	5.15	13.11	22.95	-1.57	34.39
147	70.67	4.76	23.50	28.29	-0.86	38.04	56.15	6.23	25.99	39.62	3.46	42.69	77.24	5.17	12.63	22.66	-1.73	33.78
148	70.40	4.71	23.25	28.10	-0.96	37.73	55.99	6.19	25.69	39.06	3.43	42.57	76.56	5.19	12.16	22.42	-1.90	33.14
149	70.09	4.67	23.00	27.88	-1.05	37.43	55.79	6.15	25.38	38.54	3.41	42.44	75.84	5.21	11.69	22.24	-2.06	32.53
150	69.80	4.62	22.75	27.69	-1.16	37.14	55.60	6.10	25.08	38.00	3.37	42.26	75.20	5.23	11.24	22.05	-2.23	31.88
151	69.53	4.57	22.51	27.48	-1.25	36.87	55.38	6.05	24.79	37.50	3.35	42.09	74.51	5.26	10.79	21.93	-2.41	31.27
152	69.23	4.52	22.26	27.30	-1.36	36.61	55.20	5.98	24.51	36.99	3.32	41.87	73.92	5.29	10.35	21.86	-2.59	30.66
153	68.96	4.46	22.01	27.14	-1.46	36.39	55.05	5.91	24.25	36.49	3.29	41.65	73.24	5.32	9.91	21.79	-2.76	30.03
154	68.68	4.41	21.76	26.94	-1.56	36.20	54.81	5.82	23.97	36.04	3.25	41.43	72.69	5.36	9.50	21.75	-2.94	29.42
155	68.46	4.35	21.53	26.79	-1.66	36.05	54.66	5.73	23.72	35.60	3.23	41.20	72.06	5.40	9.07	21.80	-3.13	28.81
156	68.16	4.29	21.27	26.63	-1.76	35.90	54.55	5.62	23.48	35.12	3.20	40.95	71.49	5.45	8.67	21.82	-3.32	28.21
157	67.95	4.23	21.04	26.47	-1.86	35.79	54.37	5.51	23.24	34.76	3.18	40.72	70.93	5.50	8.28	21.87	-3.51	27.62
158	67.71	4.17	20.79	26.30	-1.97	35.65	54.26	5.38	23.02	34.36	3.16	40.48	70.40	5.56	7.90	22.00	-3.70	27.04
159	67.50	4.10	20.55	26.14	-2.08	35.52	54.16	5.25	22.81	33.99	3.14	40.24	69.82	5.62	7.53	22.06	-3.89	26.44
160	67.26	4.04	20.31	25.97	-2.19	35.39	54.11	5.11	22.61	33.62	3.12	40.01	69.28	5.68	7.15	22.24	-4.09	25.90
161	67.11	3.96	20.08	25.80	-2.31	35.24	54.08	4.96	22.41	33.31	3.11	39.79	68.82	5.72	6.79	22.35	-4.29	25.31
162	66.90	3.89	19.84	25.61	-2.43	35.11	54.06	4.80	22.24	32.99	3.09	39.57	68.26	5.77	6.40	22.55	-4.49	24.75
163	66.77	3.81	19.62	25.45	-2.55	34.94	54.07	4.64	22.04	32.71	3.08	39.36	67.79	5.80	6.01	22.72	-4.69	24.19
164	66.61	3.74	19.39	25.28	-2.68	34.79	54.15	4.47	21.88	32.41	3.07	39.16	67.33	5.82	5.62	22.93	-4.88	23.62
165	66.46	3.65	19.16	25.12	-2.81	34.62	54.21	4.31	21.71	32.18	3.06	38.97	66.84	5.84	5.21	23.12	-5.08	23.08
166	66.37	3.57	18.93	24.97	-2.94	34.47	54.34	4.13	21.55	31.97	3.05	38.79	66.42	5.84	4.82	23.38	-5.27	22.52
167	66.26	3.48	18.70	24.82	-3.07	34.30	54.50	3.96	21.40	31.76	3.04	38.64	65.97	5.83	4.40	23.55	-5.46	21.98
168	66.21	3.38	18.48	24.69	-3.21	34.13	54.66	3.78	21.24	31.57	3.02	38.46	65.56	5.81	3.99	23.81	-5.65	21.44
169	66.12	3.29	18.23	24.57	-3.35	33.95	54.88	3.61	21.09	31.40	3.00	38.31	65.17	5.78	3.59	24.03	-5.83	20.91
170	66.07	3.19	18.00	24.43	-3.50	33.78	55.14	3.43	20.95	31.26	2.98	38.20	64.74	5.76	3.16	24.30	-6.01	20.39
171	66.05	3.09	17.76	24.36	-3.65	33.63	55.42	3.25	20.80	31.15	2.95	38.07	64.40	5.72	2.77	24.46	-6.17	19.84
172	66.01	2.99	17.51	24.25	-3.80	33.46	55.70	3.08	20.65	31.04	2.92	37.96	64.03	5.69	2.36	24.73	-6.34	19.33
173	66.04	2.89	17.26	24.19	-3.95	33.29	56.09	2.90	20.52	30.94	2.89	37.84	63.66	5.66	1.96	24.93	-6.49	18.80
174	66.06	2.79	17.01	24.13	-4.11	33.14	56.40	2.74	20.37	30.91	2.85	37.77	63.28	5.63	1.60	25.10	-6.63	18.29
175	66.06	2.70	16.74	24.08	-4.27	32.98	56.86	2.56	20.24	30.84	2.80	37.67	62.95	5.61	1.26	25.31	-6.76	17.78
176	66.13	2.60	16.50	24.12	-4.44	32.83	57.24	2.39	20.10	30.83	2.75	37.61	62.56	5.60	0.92	25.50	-6.89	17.28
177	66.19	2.52	16.25	24.05	-4.60	32.66	57.71	2.22	19.97	30.82	2.69	37.50	62.21	5.59	0.62	25.62	-7.00	16.78
178	66.29	2.44	16.01	24.09	-4.77	32.50	58.16	2.05	19.82	30.82	2.63	37.44	61.85	5.59	0.34	25.81	-7.10	16.29
179	66.35	2.38	15.76	24.14	-4.95	32.35	58.68	1.88	19.69	30.91	2.56	37.39	61.48	5.60	0.08	25.92	-7.19	15.82
180	66.50	2.31	15.55	24.19	-5.13	32.19	59.18	1.72	19.55	30.95	2.49	37.31	61.13	5.62	-0.16	26.08	-7.26	15.37
181	66.60	2.27	15.33	24.25	-5.31	32.00	59.71	1.55	19.42	31.14	2.41	37.28	60.77	5.65	-0.38	26.21	-7.32	14.92
182	66.73	2.23	15.13	24.38	-5.50	31.85	60.28	1.38	19.29	31.31	2.32	37.24	60.45	5.68	-0.58	26.31	-7.37	14.51
183	66.85	2.20	14.94	24.50	-5.69	31.65	60.80	1.21	19.15	31.56	2.22	37.22	60.08	5.72	-0.77	26.43	-7.40	14.08
184	66.99	2.17	14.75	24.62	-5.88	31.46	61.41	1.03	19.04	31.83	2.11	37.19	59.75	5.76	-0.94	26.51	-7.42	13.68
185	67.14	2.15	14.57	24.76	-6.08	31.27	61.93	0.86	18.90	32.16	2.00	37.20	59.41	5.82	-1.09	26.58	-7.43	13.26
186	67.27	2.13	14.39	24.98	-6.29	31.06	62.55	0.68	18.78	32.49	1.88	37.17	59.05	5.88	-1.24	26.58	-7.43	12.86
187	67.42	2.10	14.21	25.16	-6.49	30.85	63.09	0.50	18.66	32.89	1.76	37.18	58.75	5.94	-1.35	26.63	-7.43	12.45
188	67.56	2.07	14.02	25.33	-6.71	30.61	63.68	0.32	18.55	33.26	1.63	37.16	58.35	6.02	-1.49	26.55	-7.41	12.04
189	67.70	2.03	13.84	25.58	-6.92	30.38	64.25	0.13	18.44	33.73	1.49	37.16	58.05	6.09	-1.57	26.55	-7.39	11.67
190	67.83	1.99	13.64	25.80	-7.15	30.13	64.80	-0.06	18.34	34.14	1.34	37.13	57.62	6.18	-1.70	26.44	-7.36	11.27
191	67.96	1.94	13.46	26.06	-7.38	29.86	65.36	-0.25	18.24	34.58	1.19	37.13	57.29	6.27	-1.76	26.36	-7.33	10.90
192	68.10	1.87	13.26	26.28	-7.60	29.57	65.90	-0.45	18.15	35.07	1.03	37.09	56.90	6.36	-1.84	26.20	-7.29	10.53
193	68.19	1.80	13.06	26.56	-7.84	29.27	66.42	-0.64	18.06	35.52	0.86	37.05	56.49	6.47	-1.91	26.02	-7.25	10.17
194	68.31	1.72	12.86	26.80	-8.07	28.97	66.94	-0.84	17.99	35.98	0.69	37.01	56.08	6.57	-1.96	25.87	-7.20	9.81
195	68.39	1.63	12.64	27.09	-8.30	28.64	67.39	-1.03	17.90	36.46	0.51	36.95	55.64	6.68	-2.01	25.65	-7.14	9.47
196	68.47	1.53	12.42	27.33	-8.53	28.32	67.87	-1.23	17.83	36.90	0.33	36.87	55.21	6.79	-2.04	25.40	-7.09	9.13
197	68.55	1.42	12.19	27.63	-8.76	27.97	68.31	-1.41	17.76	37.35	0.13	36.78	54.74	6.91	-2.08	25.15	-7.03	8.80
198	68.60	1.31	11.95	27.91	-8.98	27.63	68.72	-1.59	17.70	37.78	-0.07	36.69	54.27	7.03	-2.10	24.86	-6.97	8.50
199	68.65	1.20	11.71	28.19	-9.20	27.28	69.14	-1.77	17.64	38.20	-0.27	36.58	53.76	7.15	-2.13	24.56	-6.90	8.20
200	68.70	1.09	11.46	28.50	-9.41	26.92	69.47	-1.94	17.57	38.59	-0.49	36.44	53.28	7.27	-2.13	24.24	-6.84	7.92
201	68.69	0.98	11.21	28.78	-9.60	26.54	69.80	-2.10	17.50	38.99	-0.71	36.31	52.75	7.40	-2.15	23.88	-6.77	7.63
202	68.69	0.88	10.96	29.10	-9.80	26.19	70.05	-2.26	17.43	39.31	-0.94	36.14	52.19	7.52	-2.16	23.52	-6.71	7.39
203	68.65	0.79	10.71	29.39	-9.98	25.80	70.32	-2.41	17.36	39.65	-1.18	35.99	51.67	7.64	-2.16	23.11	-6.64	7.14
204	68.62	0.70	10.47	29.69	-10.16	25.44	70.51	-2.56	17.27	39.97	-1.43	35.81	51.09	7.76	-2.16	22.76	-6.57	6.91
205	68.54	0.63	10.23	29.95	-10.32	25.04	70.71	-2.70	17.19	40.23	-1.69	35.61	50.54	7.88	-2.15	22.30	-6.51	6.69
206	68.45	0.57	9.99	30.25	-10.48	24.66	70.78	-2.83	17.08	40.50	-1.96	35.42	49.93	8.00	-2.15	21.89	-6.44	6.49
207	68.37	0.52	9.75	30.49	-10.62	24.27	70.92	-2.96	16.98	40.74	-2.24	35.20	49.34	8.10	-2.13	21.44	-6.38	6.29
208	68.28	0.47	9.53	30.73	-10.75	23.88	70.93	-3.08	16.86	40.90	-2.53	34.98	48.70	8.21	-2.12	21.02	-6.32	6.11
209	68.10	0.46	9.28	30.93	-10.88	23.49	70.98	-3.20	16.74	41.09	-2.83	34.72	48.08	8.30	-2.09	20.50	-6.24	5.92
210	68.02	0.43	9.07	31.14	-10.99	23.10	70.94	-3.31	16.59	41.23	-3.13	34.47	47.40	8.39	-2.06	20.07	-6.19	5.78
211	67.86	0.43	8.84	31.29	-11.09	22.69	70.93	-3.42	16.45	41.39	-3.45	34.20	46.79	8.47	-2.03	19.57	-6.11	5.60
212	67.71	0.43	8.62	31.49	-11.19	22.31	70.84	-3.52	16.28	41.41	-3.76	33.89	46.06	8.56	-2.01	19.06	-6.05	5.45
213	67.55	0.43	8.41	31.57	-11.26	21.89	70.76	-3.61	16.10	41.50	-4.09	33.56	45.44	8.61	-1.96	18.54	-5.97	5.28
214	67.37	0.45	8.20	31.72	-11.34	21.51	70.62	-3.70	15.90	41.50	-4.41	33.24	44.74	8.68	-1.93	18.06	-5.92	5.15
215	67.20	0.47	8.00	31.81	-11.41	21.10	70.51	-3.79	15.70	41.44	-4.72	32.85	44.04	8.73	-1.90	17.53	-5.83	4.98
216	67.02	0.49	7.82	31.87	-11.46	20.68	70.34	-3.86	15.48	41.42	-5.03	32.49	43.37	8.76	-1.85	16.92	-5.75	4.82
217	66.82	0.53	7.62	31.94	-11.51	20.29	70.19	-3.94	15.25	41.30	-5.33	32.09	42.63	8.81	-1.82	16.43	-5.68	4.68
218	66.60	0.56	7.44	31.98	-11.55	19.89	69.98	-4.00	14.99	41.18	-5.61	31.70	41.95	8.82	-1.76	15.84	-5.60	4.52
219	66.42	0.59	7.27	32.02	-11.58	19.49	69.81	-4.06	14.74	41.06	-5.88	31.31	41.20	8.83	-1.73	15.27	-5.51	4.35
220	66.19	0.63	7.10	32.02	-11.61	19.09	69.55	-4.11	14.47	40.81	-6.11	30.89	40.50	8.83	-1.68	14.66	-5.43	4.20
221	65.97	0.67	6.95	32.04	-11.62	18.69	69.33	-4.15	14.19	40.65	-6.34	30.50	39.70	8.83	-1.65	14.04	-5.34	4.03
222	65.74	0.71	6.79	31.99	-11.64	18.30	69.11	-4.19	13.91	40.39	-6.53	30.10	39.00	8.80	-1.60	13.48	-5.25	3.86
223	65.50	0.75	6.64	31.95	-11.63	17.89	68.86	-4.21	13.63	40.11	-6.71	29.72	38.21	8.77	-1.57	12.81	-5.15	3.70
224	65.25	0.78	6.49	31.95	-11.63	17.52	68.57	-4.23	13.33	39.87	-6.87	29.36	37.41	8.73	-1.53	12.23	-5.05	3.52
225	64.98	0.82	6.35	31.86	-11.62	17.14	68.35	-4.24	13.04	39.51	-6.99	28.98	36.64	8.69	-1.49	11.56	-4.94	3.34
226	64.74	0.86	6.22	31.78	-11.60	16.77	68.02	-4.24	12.73	39.22	-7.12	28.64	35.86	8.62	-1.45	10.94	-4.84	3.16
227	64.43	0.90	6.08	31.70	-11.57	16.39	67.77	-4.24	12.44	38.79	-7.22	28.27	35.04	8.57	-1.42	10.33	-4.72	2.98
228	64.13	0.94	5.94	31.53	-11.53	16.02	67.44	-4.22	12.13	38.43	-7.32	27.93	34.28	8.49	-1.38	9.71	-4.62	2.82
229	63.83	0.97	5.82	31.40	-11.49	15.67	67.15	-4.20	11.83	38.02	-7.41	27.56	33.46	8.42	-1.36	9.04	-4.50	2.63
230	63.51	1.01	5.69	31.21	-11.44	15.32	66.84	-4.16	11.53	37.59	-7.50	27.22	32.68	8.34	-1.32	8.47	-4.39	2.47
231	63.16	1.04	5.57	31.01	-11.39	14.98	66.48	-4.12	11.22	37.21	-7.60	26.88	31.87	8.26	-1.30	7.84	-4.28	2.31
232	62.77	1.08	5.44	30.77	-11.33	14.64	66.18	-4.07	10.93	36.83	-7.69	26.52	31.13	8.18	-1.26	7.22	-4.16	2.15
233	62.45	1.11	5.34	30.48	-11.26	14.30	65.81	-4.01	10.64	36.44	-7.78	26.18	30.32	8.10	-1.24	6.64	-4.05	2.00
234	61.99	1.16	5.21	30.18	-11.20	14.00	65.47	-3.95	10.34	36.05	-7.88	25.84	29.59	8.01	-1.21	6.00	-3.93	1.86
235	61.63	1.18	5.12	29.87	-11.13	13.68	65.08	-3.87	10.05	35.66	-7.98	25.50	28.82	7.93	-1.19	5.42	-3.83	1.73
236	61.15	1.23	5.00	29.52	-11.05	13.38	64.72	-3.80	9.78	35.26	-8.09	25.16	28.06	7.84	-1.17	4.82	-3.72	1.60
237	60.73	1.26	4.91	29.12	-10.97	13.08	64.33	-3.71	9.49	34.81	-8.20	24.82	27.30	7.76	-1.14	4.22	-3.63	1.51
238	60.23	1.31	4.81	28.67	-10.88	12.78	63.89	-3.61	9.21	34.42	-8.33	24.49	26.56	7.67	-1.12	3.60	-3.53	1.40
239	59.73	1.35	4.71	28.26	-10.82	12.53	63.52	-3.51	8.95	33.92	-8.45	24.15	25.84	7.58	-1.08	3.00	-3.44	1.32
240	59.19	1.39	4.62	27.75	-10.73	12.25	63.07	-3.40	8.68	33.45	-8.57	23.81	25.09	7.49	-1.07	2.41	-3.37	1.25
241	58.68	1.42	4.55	27.25	-10.64	11.98	62.62	-3.29	8.41	32.94	-8.70	23.49	24.39	7.40	-1.04	1.77	-3.29	1.19
242	58.05	1.47	4.46	26.66	-10.56	11.73	62.14	-3.17	8.16	32.40	-8.83	23.15	23.64	7.31	-1.01	1.16	-3.22	1.14
243	57.45	1.51	4.38	26.07	-10.47	11.49	61.67	-3.06	7.91	31.81	-8.95	22.82	22.92	7.22	-0.98	0.55	-3.17	1.10
244	56.82	1.54	4.32	25.40	-10.39	11.25	61.15	-2.93	7.68	31.28	-9.09	22.50	22.23	7.12	-0.95	-0.09	-3.12	1.07
245	56.11	1.59	4.23	24.72	-10.31	11.02	60.61	-2.81	7.44	30.62	-9.21	22.16	21.51	7.03	-0.92	-0.73	-3.07	1.04
246	55.46	1.61	4.17	23.98	-10.22	10.78	60.07	-2.69	7.21	30.06	-9.34	21.87	20.80	6.93	-0.88	-1.35	-3.04	1.03
247	54.72	1.65	4.09	23.17	-10.14	10.56	59.53	-2.57	6.98	29.40	-9.47	21.57	20.07	6.83	-0.86	-1.96	-3.02	1.03
248	53.96	1.69	4.02	22.37	-10.05	10.33	58.95	-2.44	6.75	28.76	-9.59	21.27	19.40	6.73	-0.82	-2.57	-2.99	1.03
249	53.21	1.72	3.94	21.52	-9.98	10.13	58.42	-2.32	6.52	28.09	-9.71	20.98	18.67	6.63	-0.78	-3.12	-2.98	1.04
250	52.44	1.75	3.87	20.70	-9.89	9.91	57.83	-2.19	6.29	27.43	-9.83	20.71	17.98	6.53	-0.75	-3.75	-2.97	1.05
251	51.60	1.78	3.79	19.86	-9.81	9.71	57.27	-2.07	6.07	26.72	-9.94	20.44	17.25	6.43	-0.71	-4.25	-2.99	1.10
252	50.79	1.81	3.71	19.01	-9.74	9.52	56.68	-1.95	5.84	26.06	-10.06	20.18	16.63	6.31	-0.67	-4.81	-2.99	1.13
253	49.91	1.84	3.64	18.17	-9.65	9.32	56.05	-1.82	5.61	25.33	-10.16	19.92	15.89	6.22	-0.64	-5.32	-3.02	1.17
254	49.05	1.86	3.57	17.32	-9.58	9.13	55.49	-1.71	5.40	24.60	-10.26	19.67	15.25	6.11	-0.60	-5.84	-3.04	1.22
255	48.13	1.88	3.48	16.48	-9.50	8.94	54.83	-1.59	5.17	23.88	-10.36	19.43	14.59	6.01	-0.57	-6.35	-3.06	1.26
256	47.21	1.90	3.40	15.58	-9.41	8.74	54.20	-1.47	4.95	23.14	-10.46	19.20	13.95	5.91	-0.53	-6.80	-3.10	1.32
257	46.29	1.92	3.32	14.76	-9.33	8.57	53.55	-1.36	4.73	22.35	-10.55	18.96	13.36	5.80	-0.50	-7.31	-3.14	1.38
258	45.30	1.94	3.23	13.89	-9.23	8.37	52.89	-1.25	4.52	21.60	-10.64	18.74	12.74	5.71	-0.47	-7.74	-3.18	1.43
259	44.34	1.94	3.15	13.03	-9.16	8.21	52.23	-1.14	4.30	20.80	-10.71	18.50	12.17	5.62	-0.44	-8.18	-3.22	1.49
260	43.39	1.95	3.07	12.15	-9.06	8.02	51.51	-1.02	4.09	20.01	-10.79	18.27	11.62	5.53	-0.41	-8.63	-3.26	1.55
261	42.36	1.97	2.98	11.30	-8.96	7.84	50.82	-0.91	3.87	19.22	-10.86	18.05	11.09	5.45	-0.39	-9.03	-3.31	1.62
262	41.40	1.96	2.91	10.46	-8.87	7.67	50.12	-0.79	3.66	18.38	-10.91	17.81	10.59	5.37	-0.37	-9.41	-3.37	1.68
263	40.37	1.97	2.81	9.57	-8.76	7.48	49.36	-0.67	3.44	17.57	-10.97	17.58	10.10	5.30	-0.35	-9.85	-3.42	1.75
264	39.36	1.96	2.74	8.74	-8.65	7.30	48.63	-0.56	3.23	16.74	-11.01	17.34	9.66	5.24	-0.33	-10.22	-3.48	1.81
265	38.37	1.96	2.64	7.91	-8.54	7.13	47.88	-0.44	3.02	15.89	-11.04	17.09	9.23	5.17	-0.32	-10.55	-3.54	1.88
266	37.33	1.97	2.56	7.07	-8.42	6.95	47.06	-0.31	2.80	15.13	-11.09	16.87	8.82	5.12	-0.31	-10.92	-3.63	1.95
267	36.34	1.97	2.47	6.25	-8.31	6.78	46.29	-0.19	2.59	14.31	-11.10	16.61	8.45	5.08	-0.30	-11.29	-3.67	2.01
268	35.33	1.97	2.39	5.43	-8.18	6.60	45.50	-0.06	2.38	13.57	-11.13	16.38	8.09	5.04	-0.29	-11.59	-3.75	2.07
269	34.35	1.97	2.30	4.66	-8.07	6.43	44.68	0.07	2.18	12.78	-11.14	16.13	7.77	5.00	-0.28	-11.95	-3.82	2.13
270	33.33	1.98	2.21	3.84	-7.94	6.26	43.85	0.20	1.98	12.04	-11.15	15.89	7.47	4.96	-0.27	-12.25	-3.87	2.18
271	32.35	1.99	2.12	3.11	-7.82	6.09	42.98	0.32	1.79	11.32	-11.15	15.64	7.17	4.94	-0.26	-12.54	-3.97	2.24
272	31.38	2.00	2.04	2.34	-7.69	5.92	42.17	0.44	1.62	10.61	-11.15	15.40	6.90	4.92	-0.25	-12.84	-4.02	2.28
273	30.41	2.02	1.95	1.60	-7.58	5.77	41.25	0.56	1.44	9.91	-11.13	15.15	6.67	4.89	-0.23	-13.12	-4.08	2.32
274	29.44	2.05	1.86	0.89	-7.46	5.61	40.38	0.67	1.29	9.21	-11.12	14.90	6.43	4.89	-0.22	-13.34	-4.16	2.37
275	28.53	2.08	1.77	0.18	-7.35	5.46	39.45	0.77	1.14	8.56	-11.10	14.65	6.19	4.86	-0.20	-13.62	-4.22	2.40
276	27.56	2.13	1.67	-0.52	-7.23	5.31	38.55	0.86	1.02	7.87	-11.07	14.39	5.99	4.86	-0.18	-13.83	-4.29	2.44
277	26.65	2.17	1.59	-1.18	-7.14	5.17	37.56	0.96	0.89	7.21	-11.04	14.13	5.74	4.85	-0.16	-14.00	-4.36	2.47
278	25.75	2.22	1.50	-1.85	-7.02	5.01	36.62	1.04	0.79	6.56	-11.00	13.87	5.58	4.83	-0.13	-14.26	-4.41	2.49
279	24.82	2.27	1.41	-2.51	-6.92	4.88	35.57	1.12	0.69	5.92	-10.95	13.60	5.33	4.83	-0.11	-14.36	-4.47	2.51
280	23.91	2.31	1.33	-3.13	-6.81	4.73	34.63	1.18	0.61	5.25	-10.90	13.34	5.14	4.82	-0.09	-14.55	-4.52	2.53
281	23.03	2.36	1.25	-3.76	-6.71	4.59	33.54	1.24	0.53	4.64	-10.84	13.07	4.93	4.81	-0.06	-14.69	-4.55	2.53
282	22.12	2.42	1.16	-4.37	-6.60	4.46	32.51	1.30	0.46	3.98	-10.78	12.80	4.71	4.81	-0.04	-14.80	-4.61	2.54
283	21.23	2.48	1.08	-4.97	-6.49	4.31	31.42	1.35	0.40	3.37	-10.71	12.54	4.53	4.80	-0.01	-14.93	-4.63	2.54
284	20.35	2.54	1.01	-5.56	-6.37	4.18	30.32	1.39	0.35	2.73	-10.63	12.26	4.32	4.80	0.01	-15.01	-4.68	2.54
285	19.48	2.60	0.93	-6.09	-6.27	4.05	29.25	1.43	0.30	2.13	-10.55	11.99	4.10	4.80	0.03	-15.10	-4.69	2.53
286	18.61	2.67	0.85	-6.66	-6.15	3.91	28.08	1.47	0.26	1.50	-10.47	11.72	3.92	4.81	0.06	-15.17	-4.74	2.53
287	17.77	2.73	0.78	-7.18	-6.03	3.78	26.96	1.50	0.22	0.92	-10.38	11.45	3.72	4.81	0.08	-15.20	-4.77	2.53
288	16.94	2.81	0.71	-7.70	-5.91	3.66	25.80	1.52	0.19	0.31	-10.29	11.17	3.50	4.83	0.10	-15.27	-4.81	2.52
289	16.13	2.87	0.64	-8.17	-5.79	3.53	24.65	1.54	0.16	-0.24	-10.20	10.91	3.34	4.83	0.13	-15.28	-4.85	2.51
290	15.34	2.95	0.58	-8.71	-5.68	3.42	23.44	1.57	0.13	-0.83	-10.10	10.63	3.14	4.84	0.15	-15.31	-4.90	2.50
291	14.58	3.03	0.52	-9.13	-5.56	3.30	22.27	1.59	0.10	-1.35	-10.02	10.37	2.98	4.85	0.18	-15.32	-4.97	2.49
292	13.83	3.12	0.46	-9.61	-5.46	3.19	21.04	1.61	0.07	-1.93	-9.91	10.10	2.78	4.86	0.21	-15.31	-5.01	2.48
293	13.10	3.21	0.41	-10.03	-5.38	3.11	19.87	1.62	0.05	-2.41	-9.82	9.85	2.63	4.88	0.23	-15.35	-5.09	2.47
294	12.45	3.29	0.36	-10.43	-5.27	3.01	18.64	1.64	0.02	-2.96	-9.71	9.59	2.48	4.88	0.26	-15.30	-5.17	2.46
295	11.74	3.39	0.31	-10.88	-5.21	2.93	17.45	1.65	0.01	-3.42	-9.61	9.34	2.33	4.90	0.28	-15.30	-5.24	2.44
296	11.09	3.50	0.26	-11.24	-5.15	2.86	16.21	1.67	-0.02	-3.92	-9.52	9.10	2.19	4.91	0.31	-15.32	-5.35	2.43
297	10.47	3.60	0.22	-11.62	-5.10	2.79	15.00	1.67	-0.04	-4.37	-9.41	8.86	2.03	4.93	0.34	-15.28	-5.43	2.42
298	9.85	3.71	0.18	-12.00	-5.05	2.73	13.79	1.68	-0.07	-4.81	-9.31	8.63	1.95	4.92	0.37	-15.27	-5.56	2.40
299	9.26	3.82	0.14	-12.32	-5.03	2.68	12.59	1.69	-0.09	-5.28	-9.21	8.40	1.79	4.95	0.39	-15.25	-5.67	2.39
300	8.68	3.93	0.11	-12.69	-5.02	2.64	11.41	1.68	-0.11	-5.67	-9.11	8.19	1.70	4.96	0.42	-15.23	-5.80	2.38
301	8.11	4.05	0.08	-13.00	-5.02	2.60	10.20	1.70	-0.14	-6.10	-9.00	7.98	1.60	4.97	0.44	-15.22	-5.93	2.36
302	7.57	4.15	0.05	-13.32	-5.01	2.56	9.06	1.69	-0.15	-6.47	-8.90	7.79	1.48	5.00	0.47	-15.21	-6.06	2.35
303	7.04	4.26	0.03	-13.61	-5.02	2.54	7.89	1.70	-0.17	-6.88	-8.79	7.60	1.38	5.01	0.50	-15.16	-6.21	2.34
304	6.50	4.36	0.01	-13.91	-5.04	2.51	6.76	1.70	-0.19	-7.25	-8.69	7.43	1.27	5.03	0.53	-15.16	-6.36	2.32
305	6.01	4.46	-0.00	-14.18	-5.06	2.48	5.65	1.70	-0.21	-7.60	-8.58	7.26	1.15	5.04	0.56	-15.16	-6.50	2.31
306	5.51	4.56	-0.02	-14.44	-5.08	2.46	4.56	1.70	-0.22	-7.98	-8.47	7.11	1.03	5.06	0.59	-15.13	-6.66	2.30
307	5.00	4.64	-0.02	-14.69	-5.10	2.43	3.54	1.70	-0.24	-8.29	-8.35	6.97	0.89	5.07	0.62	-15.11	-6.81	2.29
308	4.57	4.72	-0.02	-14.91	-5.13	2.41	2.46	1.71	-0.25	-8.61	-8.25	6.84	0.77	5.09	0.66	-15.07	-6.96	2.28
309	4.06	4.80	-0.03	-15.13	-5.16	2.39	1.53	1.71	-0.27	-8.94	-8.13	6.71	0.61	5.10	0.69	-15.10	-7.13	2.27
310	3.62	4.87	-0.02	-15.34	-5.20	2.38	0.53	1.72	-0.28	-9.21	-8.02	6.60	0.47	5.11	0.73	-15.08	-7.28	2.27
311	3.20	4.94	-0.01	-15.48	-5.23	2.36	-0.37	1.74	-0.30	-9.51	-7.91	6.49	0.31	5.14	0.76	-15.04	-7.44	2.26
312	2.74	5.00	-0.01	-15.67	-5.27	2.35	-1.25	1.77	-0.32	-9.75	-7.81	6.41	0.15	5.14	0.80	-15.05	-7.58	2.25
313	2.35	5.06	0.01	-15.85	-5.31	2.33	-2.09	1.80	-0.34	-10.02	-7.70	6.31	-0.01	5.16	0.84	-15.05	-7.73	2.25
314	1.92	5.12	0.02	-15.94	-5.36	2.32	-2.87	1.84	-0.36	-10.22	-7.62	6.24	-0.20	5.18	0.88	-15.02	-7.87	2.24
315	1.56	5.16	0.05	-16.08	-5.42	2.31	-3.64	1.89	-0.39	-10.44	-7.55	6.17	-0.37	5.19	0.92	-15.02	-8.02	2.24
316	1.16	5.23	0.06	-16.16	-5.47	2.31	-4.34	1.95	-0.41	-10.64	-7.47	6.10	-0.54	5.20	0.96	-14.99	-8.12	2.23
317	0.81	5.27	0.09	-16.26	-5.54	2.30	-5.00	2.02	-0.43	-10.82	-7.42	6.05	-0.72	5.21	1.00	-15.00	-8.26	2.22
318	0.45	5.32	0.12	-16.31	-5.60	2.30	-5.63	2.09	-0.45	-10.97	-7.37	5.99	-0.89	5.22	1.04	-14.94	-8.36	2.22
319	0.15	5.36	0.15	-16.33	-5.68	2.30	-6.20	2.17	-0.47	-11.12	-7.33	5.94	-1.04	5.22	1.08	-14.94	-8.47	2.21
320	-0.20	5.42	0.18	-16.39	-5.75	2.29	-6.76	2.26	-0.49	-11.24	-7.30	5.89	-1.17	5.22	1.12	-14.90	-8.56	2.19
321	-0.48	5.46	0.22	-16.40	-5.83	2.29	-7.22	2.35	-0.50	-11.36	-7.29	5.86	-1.32	5.23	1.16	-14.85	-8.67	2.19
322	-0.78	5.52	0.25	-16.40	-5.91	2.29	-7.71	2.44	-0.51	-11.43	-7.28	5.81	-1.42	5.21	1.21	-14.80	-8.74	2.17
323	-1.06	5.56	0.29	-16.36	-5.99	2.29	-8.10	2.53	-0.52	-11.51	-7.28	5.77	-1.54	5.20	1.25	-14.77	-8.83	2.15
324	-1.32	5.62	0.33	-16.38	-6.05	2.27	-8.49	2.61	-0.52	-11.56	-7.29	5.73	-1.64	5.19	1.29	-14.68	-8.91	2.14
325	-1.59	5.66	0.37	-16.33	-6.13	2.26	-8.82	2.69	-0.51	-11.57	-7.30	5.69	-1.70	5.16	1.33	-14.63	-8.98	2.12
326	-1.82	5.72	0.42	-16.29	-6.20	2.25	-9.13	2.76	-0.50	-11.61	-7.33	5.66	-1.78	5.14	1.37	-14.56	-9.07	2.10
327	-2.10	5.77	0.46	-16.25	-6.25	2.23	-9.43	2.80	-0.48	-11.58	-7.36	5.63	-1.85	5.10	1.41	-14.46	-9.13	2.08
328	-2.30	5.81	0.50	-16.20	-6.30	2.20	-9.67	2.83	-0.46	-11.57	-7.40	5.60	-1.88	5.06	1.44	-14.39	-9.22	2.06
329	-2.56	5.86	0.55	-16.14	-6.35	2.18	-9.89	2.84	-0.43	-11.54	-7.45	5.57	-1.94	5.02	1.48	-14.30	-9.28	2.03
330	-2.79	5.91	0.60	-16.07	-6.39	2.15	-10.12	2.83	-0.40	-11.48	-7.51	5.55	-1.93	4.96	1.51	-14.20	-9.35	2.01
331	-3.00	5.93	0.65	-16.01	-6.42	2.12	-10.27	2.79	-0.37	-11.39	-7.59	5.53	-1.99	4.91	1.54	-14.09	-9.42	1.98
332	-3.23	5.95	0.70	-15.92	-6.44	2.10	-10.45	2.74	-0.33	-11.32	-7.66	5.51	-1.99	4.85	1.57	-13.99	-9.46	1.95
333	-3.46	5.98	0.74	-15.84	-6.45	2.06	-10.61	2.65	-0.28	-11.21	-7.75	5.50	-2.00	4.79	1.59	-13.87	-9.54	1.93
334	-3.66	5.99	0.79	-15.75	-6.46	2.03	-10.72	2.55	-0.24	-11.12	-7.83	5.48	-2.02	4.74	1.61	-13.81	-9.58	1.90
335	-3.87	5.98	0.84	-15.65	-6.45	1.99	-10.84	2.41	-0.20	-11.00	-7.95	5.47	-2.01	4.69	1.63	-13.63	-9.64	1.88
336	-4.08	5.97	0.89	-15.53	-6.45	1.96	-10.98	2.27	-0.16	-10.89	-8.04	5.46	-2.02	4.65	1.65	-13.59	-9.69	1.86
337	-4.31	5.96	0.94	-15.44	-6.42	1.93	-11.05	2.09	-0.12	-10.76	-8.16	5.45	-2.01	4.63	1.67	-13.45	-9.73	1.83
338	-4.45	5.92	0.99	-15.29	-6.41	1.89	-11.19	1.91	-0.08	-10.62	-8.27	5.43	-2.02	4.60	1.68	-13.39	-9.75	1.81
339	-4.67	5.89	1.03	-15.18	-6.35	1.85	-11.25	1.70	-0.04	-10.48	-8.39	5.42	-2.04	4.61	1.69	-13.31	-9.79	1.78
340	-4.83	5.85	1.07	-15.02	-6.33	1.82	-11.34	1.49	-0.01	-10.37	-8.51	5.40	-2.07	4.62	1.71	-13.26	-9.80	1.75
341	-5.02	5.81	1.11	-14.88	-6.27	1.78	-11.43	1.26	0.02	-10.20	-8.64	5.39	-2.14	4.69	1.72	-13.21	-9.80	1.73
342	-5.15	5.74	1.15	-14.73	-6.22	1.74	-11.54	1.04	0.05	-10.06	-8.76	5.38						
343	-5.32	5.70	1.18	-14.56	-6.15	1.70	-11.60	0.81	0.08	-9.89	-8.89	5.36						
344	-5.44	5.63	1.21	-14.39	-6.08	1.67	-11.68	0.58	0.10	-9.72	-9.03	5.35						
345	-5.59	5.57	1.24	-14.21	-6.01	1.63	-11.76	0.35	0.12	-9.55	-9.16	5.33						
346	-5.71	5.50	1.27	-14.06	-5.90	1.58	-11.84	0.14	0.14	-9.37	-9.30	5.32						
347	-5.81	5.44	1.29	-13.86	-5.82	1.54	-11.92	-0.08	0.16	-9.20	-9.44	5.31						
348	-5.93	5.38	1.31	-13.70	-5.71	1.49	-11.99	-0.29	0.18	-8.99	-9.58	5.30						
349	-6.03	5.31	1.32	-13.55	-5.58	1.43	-12.04	-0.48	0.19	-8.81	-9.73	5.29						
350	-6.12	5.25	1.34	-13.40	-5.47	1.38	-12.15	-0.66	0.21	-8.61	-9.88	5.28						
351	-6.23	5.20	1.35	-13.23	-5.34	1.32	-12.19	-0.83	0.22	-8.40	-10.02	5.27						
352	-6.33	5.15	1.37	-13.15	-5.20	1.26	-12.28	-0.97	0.23	-8.24	-10.18	5.27						
353	-6.42	5.10	1.38	-13.03	-5.05	1.19	-12.32	-1.11	0.24	-8.02	-10.34	5.26						
354	-6.52	5.06	1.39	-12.97	-4.89	1.11	-12.41	-1.21	0.26	-7.83	-10.48	5.26						
355	-6.63	5.03	1.41	-12.92	-4.73	1.04	-12.45	-1.32	0.27	-7.61	-10.66	5.26						
356	-6.78	5.01	1.42	-12.90	-4.56	0.96	-12.52	-1.38	0.28	-7.46	-10.79	5.25						
357	-6.94	4.99	1.44	-12.97	-4.41	0.87	-12.58	-1.44	0.29	-7.27	-10.96	5.25						
358							-12.61	-1.47	0.31	-7.07	-11.10	5.25						
359							-12.69	-1.49	0.32	-6.93	-11.24	5.24						
360							-12.69	-1.49	0.33	-6.75	-11.39	5.24						
361							-12.77	-1.46	0.35	-6.60	-11.50	5.23						
362							-12.76	-1.44	0.36	-6.44	-11.65	5.22						
363							-12.82	-1.38	0.37	-6.31	-11.75	5.21						
364							-12.80	-1.33	0.39	-6.18	-11.86	5.20						
365							-12.83	-1.27	0.40	-6.02	-11.97	5.19						
366							-12.84	-1.19	0.42	-5.92	-12.03	5.18						
367							-12.83	-1.12	0.43	-5.79	-12.11	5.16						
368							-12.82	-1.03	0.44	-5.66	-12.18	5.15						
369							-12.81	-0.95	0.46	-5.55	-12.20	5.13						
370							-12.81	-0.87	0.47	-5.42	-12.23	5.11						
371							-12.77	-0.79	0.48	-5.34	-12.23	5.09						
372							-12.76	-0.71	0.49	-5.17	-12.24	5.06						
373							-12.74	-0.65	0.50	-5.09	-12.19	5.04						
374							-12.70	-0.58	0.51	-4.95	-12.16	5.01						
375							-12.67	-0.53	0.52	-4.82	-12.09	4.99						
376							-12.66	-0.48	0.53	-4.70	-12.02	4.96						
377							-12.61	-0.45	0.53	-4.54	-11.89	4.92						
378							-12.57	-0.42	0.54	-4.40	-11.79	4.89						
379							-12.54	-0.40	0.54	-4.25	-11.63	4.86						
380							-12.49	-0.37	0.54	-4.11	-11.44	4.82						
381							-12.42	-0.36	0.55	-3.94	-11.25	4.78						
382							-12.36	-0.34	0.56	-3.77	-11.00	4.74						
383							-12.27	-0.31	0.56	-3.67	-10.72	4.69						
384							-12.20	-0.29	0.57	-3.50	-10.41	4.64						
385							-12.10	-0.24	0.59	-3.41	-10.06	4.59						
386							-12.03	-0.18	0.60	-3.31	-9.66	4.53						
387																		
388																		