	D:\RTS 2.0\Data\Walker, Alex_AW\2026-04-02_\Endurance 1.c3d	D:\RTS 2.0\Data\Walker, Alex_AW\2026-04-02_\Endurance 1.c3d	D:\RTS 2.0\Data\Walker, Alex_AW\2026-04-02_\Endurance 1.c3d	D:\RTS 2.0\Data\Walker, Alex_AW\2026-04-02_\Endurance 1.c3d	D:\RTS 2.0\Data\Walker, Alex_AW\2026-04-02_\Endurance 1.c3d	D:\RTS 2.0\Data\Walker, Alex_AW\2026-04-02_\Endurance 1.c3d	D:\RTS 2.0\Data\Walker, Alex_AW\2026-04-02_\Endurance 1.c3d	D:\RTS 2.0\Data\Walker, Alex_AW\2026-04-02_\Endurance 1.c3d	D:\RTS 2.0\Data\Walker, Alex_AW\2026-04-02_\Endurance 1.c3d
	Force_ASI_Eccentric	Force_ASI_Concentric	Force Left	Force Right	Force_Right_Concentric	L_KNEE_X	R_KNEE_X	L_HIP_X	R_HIP_X
	METRIC	METRIC	METRIC	METRIC	METRIC	METRIC	METRIC	METRIC	METRIC
	PROCESSED	PROCESSED	PROCESSED	PROCESSED	PROCESSED	PROCESSED	PROCESSED	PROCESSED	PROCESSED
ITEM	X	X	X	X	X	X	X	X	X
1	-0.84	9.04	382.83	367.16	335.38	98.21	99.71	100.07	97.46
2					340.95	96.35	95.51	101.68	98.13
3					341.58	99.79	96.57	103.03	99.49
4					323.06	102.14	99.30	105.25	102.10
5					329.89	94.94	95.00	104.05	100.93
6					352.69	103.38	101.76	104.75	101.79
7					364.16	105.77	104.47	106.18	103.44
8					362.28	105.53	102.19	105.85	103.38
9					364.47	103.56	100.66	105.33	102.92
10					346.40	101.99	96.95	104.15	102.00
11					373.98	99.69	98.47	105.51	103.46
12					351.29	102.76	97.65	106.17	103.61
13					337.04	107.65	104.69	107.24	105.14
14					341.43	102.21	98.33	107.00	103.91
15					392.92	98.70	96.65	106.08	104.49
16					345.05	97.47	95.05	104.52	101.94
17					324.63	102.86	97.97	104.92	102.93
18					352.07	100.07	98.00	105.19	103.54
19					339.86	98.16	96.00	106.64	103.85
20					351.28	94.25	91.16	105.42	102.89
21					345.56	99.87	96.74	106.61	103.88
22					365.22	101.03	98.62	106.06	103.71
23					362.18	98.99	95.72	105.59	103.45
24					370.33	97.48	94.73	105.12	102.87
25					375.04	97.95	93.44	105.08	102.45
26					392.75	97.63	96.03	105.30	103.31
27					356.32	101.32	97.07	106.74	104.15
28					348.55	96.52	93.25	105.74	103.60
29					360.03	96.83	93.37	106.69	104.80
30					368.78	94.51	92.98	105.17	103.18
31					387.70	98.18	95.91	105.26	103.71
32						99.34	96.49	104.52	102.63