	D:\RTS 2.0\Data\Walker, Alex_AW\2026-04-02_\SLVL 2.c3d	D:\RTS 2.0\Data\Walker, Alex_AW\2026-04-02_\SLVL 2.c3d	D:\RTS 2.0\Data\Walker, Alex_AW\2026-04-02_\SLVL 2.c3d	D:\RTS 2.0\Data\Walker, Alex_AW\2026-04-02_\SLVL 2.c3d	D:\RTS 2.0\Data\Walker, Alex_AW\2026-04-02_\SLVL 2.c3d	D:\RTS 2.0\Data\Walker, Alex_AW\2026-04-02_\SLVL 3.c3d	D:\RTS 2.0\Data\Walker, Alex_AW\2026-04-02_\SLVL 3.c3d	D:\RTS 2.0\Data\Walker, Alex_AW\2026-04-02_\SLVL 3.c3d	D:\RTS 2.0\Data\Walker, Alex_AW\2026-04-02_\SLVL 3.c3d	D:\RTS 2.0\Data\Walker, Alex_AW\2026-04-02_\SLVL 3.c3d	D:\RTS 2.0\Data\Walker, Alex_AW\2026-04-02_\SLVL 4.c3d	D:\RTS 2.0\Data\Walker, Alex_AW\2026-04-02_\SLVL 4.c3d	D:\RTS 2.0\Data\Walker, Alex_AW\2026-04-02_\SLVL 4.c3d	D:\RTS 2.0\Data\Walker, Alex_AW\2026-04-02_\SLVL 4.c3d	D:\RTS 2.0\Data\Walker, Alex_AW\2026-04-02_\SLVL 4.c3d
	L_Knee_Angle	L_Knee_Angle	L_Knee_Angle	L_Hip_Angle	L_Ankle_Angle	L_Knee_Angle	L_Knee_Angle	L_Knee_Angle	L_Hip_Angle	L_Ankle_Angle	L_Knee_Angle	L_Knee_Angle	L_Knee_Angle	L_Hip_Angle	L_Ankle_Angle
	LINK_MODEL_BASED	LINK_MODEL_BASED	LINK_MODEL_BASED	LINK_MODEL_BASED	LINK_MODEL_BASED	LINK_MODEL_BASED	LINK_MODEL_BASED	LINK_MODEL_BASED	LINK_MODEL_BASED	LINK_MODEL_BASED	LINK_MODEL_BASED	LINK_MODEL_BASED	LINK_MODEL_BASED	LINK_MODEL_BASED	LINK_MODEL_BASED
	ORIGINAL	ORIGINAL	ORIGINAL	ORIGINAL	ORIGINAL	ORIGINAL	ORIGINAL	ORIGINAL	ORIGINAL	ORIGINAL	ORIGINAL	ORIGINAL	ORIGINAL	ORIGINAL	ORIGINAL
ITEM	X	Y	Z	Y	X	X	Y	Z	Y	X	X	Y	Z	Y	X
1	19.25	-1.34	-3.51	-0.32	77.25	26.12	-1.38	-3.63	5.46	80.08	18.17	-1.53	-3.69	-1.57	78.72
2	19.33	-1.36	-3.53	-0.20	77.24	26.37	-1.33	-3.62	5.60	80.15	18.41	-1.54	-3.63	-1.48	78.80
3	19.41	-1.37	-3.54	-0.08	77.23	26.64	-1.29	-3.60	5.74	80.22	18.66	-1.54	-3.56	-1.39	78.88
4	19.50	-1.38	-3.56	0.05	77.23	26.91	-1.24	-3.59	5.90	80.30	18.92	-1.55	-3.48	-1.29	78.96
5	19.59	-1.40	-3.58	0.18	77.22	27.20	-1.20	-3.56	6.07	80.38	19.19	-1.55	-3.41	-1.18	79.04
6	19.70	-1.41	-3.59	0.32	77.22	27.51	-1.16	-3.54	6.25	80.47	19.47	-1.56	-3.33	-1.07	79.13
7	19.80	-1.42	-3.60	0.47	77.22	27.82	-1.13	-3.51	6.44	80.56	19.75	-1.56	-3.24	-0.96	79.22
8	19.92	-1.43	-3.61	0.63	77.22	28.15	-1.09	-3.48	6.64	80.67	20.04	-1.56	-3.15	-0.84	79.31
9	20.04	-1.44	-3.62	0.79	77.22	28.49	-1.06	-3.44	6.84	80.78	20.34	-1.56	-3.06	-0.72	79.40
10	20.17	-1.44	-3.62	0.96	77.23	28.83	-1.03	-3.40	7.06	80.89	20.64	-1.56	-2.96	-0.59	79.49
11	20.30	-1.44	-3.62	1.13	77.24	29.19	-1.01	-3.35	7.29	81.01	20.95	-1.56	-2.87	-0.45	79.58
12	20.45	-1.44	-3.62	1.31	77.25	29.55	-0.99	-3.30	7.52	81.14	21.27	-1.56	-2.77	-0.31	79.68
13	20.60	-1.44	-3.61	1.50	77.27	29.92	-0.97	-3.24	7.76	81.28	21.59	-1.55	-2.67	-0.16	79.77
14	20.75	-1.44	-3.60	1.68	77.29	30.30	-0.95	-3.18	8.00	81.41	21.91	-1.55	-2.57	-0.01	79.87
15	20.92	-1.43	-3.59	1.88	77.32	30.68	-0.94	-3.12	8.25	81.56	22.24	-1.54	-2.47	0.15	79.97
16	21.10	-1.42	-3.57	2.08	77.36	31.06	-0.93	-3.05	8.50	81.71	22.57	-1.53	-2.37	0.31	80.06
17	21.28	-1.41	-3.55	2.28	77.40	31.44	-0.93	-2.98	8.75	81.86	22.91	-1.52	-2.27	0.48	80.16
18	21.47	-1.39	-3.53	2.49	77.45	31.83	-0.92	-2.90	9.00	82.02	23.25	-1.51	-2.17	0.65	80.26
19	21.67	-1.37	-3.50	2.70	77.50	32.21	-0.92	-2.82	9.26	82.18	23.60	-1.49	-2.07	0.83	80.36
20	21.88	-1.35	-3.46	2.92	77.57	32.60	-0.93	-2.74	9.52	82.34	23.95	-1.48	-1.97	1.01	80.45
21	22.10	-1.33	-3.43	3.13	77.63	32.98	-0.93	-2.66	9.78	82.50	24.30	-1.46	-1.88	1.20	80.55
22	22.32	-1.31	-3.38	3.36	77.71	33.37	-0.93	-2.57	10.03	82.67	24.66	-1.44	-1.79	1.39	80.65
23	22.56	-1.29	-3.34	3.58	77.80	33.75	-0.94	-2.48	10.29	82.83	25.02	-1.42	-1.70	1.59	80.76
24	22.80	-1.27	-3.28	3.81	77.89	34.13	-0.94	-2.39	10.55	83.00	25.39	-1.40	-1.61	1.80	80.86
25	23.05	-1.24	-3.23	4.04	77.99	34.51	-0.94	-2.30	10.81	83.16	25.76	-1.38	-1.53	2.01	80.96
26	23.31	-1.22	-3.17	4.27	78.09	34.89	-0.94	-2.22	11.06	83.33	26.14	-1.36	-1.45	2.23	81.07
27	23.58	-1.19	-3.10	4.51	78.21	35.27	-0.94	-2.14	11.32	83.50	26.52	-1.33	-1.37	2.67	81.18
28	23.85	-1.17	-3.03	4.74	78.33	35.65	-0.94	-2.06	11.58	83.66	26.90	-1.31	-1.30	2.89	81.29
29	24.14	-1.15	-2.95	4.98	78.45	36.03	-0.93	-1.98	11.74	83.83	27.28	-1.29	-1.23	3.12	81.40
30	24.43	-1.13	-2.87	5.22	78.59	36.41	-0.92	-1.91	11.79	83.99	27.67	-1.27	-1.16	3.36	81.51
31	24.73	-1.11	-2.78	5.46	78.73	36.79	-0.91	-1.84	11.84	84.16	28.06	-1.25	-1.10	3.60	81.63
32	25.04	-1.10	-2.69	5.70	78.88	37.16	-0.90	-1.77	11.88	84.32	28.46	-1.23	-1.04	3.85	81.74
33	25.36	-1.08	-2.59	5.94	79.03	37.54	-0.90	-1.69	12.87	84.49	28.85	-1.21	-0.98	4.12	81.86
34	25.68	-1.08	-2.48	6.18	79.19	37.92	-0.89	-1.62	13.07	84.65	29.25	-1.18	-0.94	4.39	81.98
35	26.02	-1.07	-2.38	6.42	79.35	38.30	-0.89	-1.55	13.28	84.82	29.64	-1.16	-0.89	4.67	82.10
36	26.36	-1.07	-2.26	6.67	79.52	38.67	-0.89	-1.47	13.49	84.98	30.04	-1.14	-0.85	4.96	82.22
37	26.71	-1.07	-2.14	6.91	79.69	39.04	-0.90	-1.39	13.71	85.15	30.43	-1.12	-0.81	5.26	82.34
38	27.07	-1.08	-2.02	7.16	79.87	39.41	-0.91	-1.30	13.94	85.32	30.83	-1.10	-0.77	5.57	82.46
39	27.44	-1.09	-1.89	7.40	80.05	39.78	-0.93	-1.21	14.17	85.48	31.22	-1.08	-0.73	5.88	82.58
40	27.82	-1.11	-1.76	7.65	80.24	40.15	-0.96	-1.11	14.42	85.65	31.62	-1.07	-0.70	6.08	82.70
41	28.21	-1.12	-1.63	7.90	80.43	40.52	-1.00	-1.02	14.67	85.82	32.01	-1.05	-0.66	6.41	82.82
42	28.60	-1.14	-1.50	8.16	80.62	40.88	-1.04	-0.91	14.93	85.98	32.40	-1.04	-0.63	6.90	82.95
43	29.01	-1.17	-1.37	8.42	80.82	41.24	-1.09	-0.81	15.20	86.15	32.79	-1.03	-0.59	7.21	83.07
44	29.42	-1.19	-1.24	8.68	81.02	41.60	-1.14	-0.71	15.48	86.32	33.17	-1.03	-0.55	7.53	83.20
45	29.84	-1.22	-1.11	8.94	81.22	41.95	-1.20	-0.60	15.76	86.48	33.55	-1.02	-0.51	7.85	83.33
46	30.26	-1.25	-0.98	9.21	81.42	42.31	-1.26	-0.50	16.06	86.65	33.93	-1.02	-0.46	8.17	83.45
47	30.70	-1.28	-0.85	9.48	81.63	42.66	-1.33	-0.40	16.37	86.82	34.31	-1.03	-0.42	8.50	83.58
48	31.13	-1.32	-0.72	9.76	81.84	43.02	-1.39	-0.30	16.68	86.99	34.68	-1.03	-0.37	8.83	83.71
49	31.58	-1.35	-0.60	10.04	82.05	43.37	-1.46	-0.20	17.01	87.16	35.05	-1.04	-0.32	9.16	83.84
50	32.03	-1.39	-0.48	10.33	82.27	43.72	-1.54	-0.11	17.34	87.33	35.42	-1.04	-0.27	9.50	83.97
51	32.48	-1.43	-0.36	10.63	82.48	44.07	-1.61	-0.02	17.68	87.50	35.79	-1.05	-0.22	9.55	84.10
52	32.95	-1.47	-0.24	10.93	82.70	44.42	-1.69	0.06	18.02	87.67	36.15	-1.06	-0.17	9.86	84.23
53	33.41	-1.51	-0.13	11.23	82.92	44.76	-1.76	0.15	18.26	87.84	36.52	-1.07	-0.12	10.17	84.36
54	33.88	-1.55	-0.02	11.54	83.15	45.11	-1.84	0.22	18.60	88.01	36.88	-1.08	-0.07	10.49	84.49
55	34.35	-1.60	0.09	11.86	83.37	45.46	-1.91	0.30	18.95	88.18	37.24	-1.09	-0.02	10.81	84.62
56	34.83	-1.64	0.19	12.18	83.60	45.80	-1.98	0.36	19.29	88.36	37.59	-1.10	0.02	11.14	84.75
57	35.31	-1.69	0.29	12.51	83.84	46.15	-2.06	0.43	19.64	88.53	37.95	-1.11	0.07	11.48	84.89
58	35.79	-1.73	0.38	12.84	84.07	46.49	-2.12	0.48	20.00	88.70	38.31	-1.12	0.11	11.82	85.02
59	36.27	-1.78	0.47	13.18	84.31	46.84	-2.19	0.54	20.35	88.88	38.66	-1.12	0.16	12.16	85.16
60	36.75	-1.82	0.56	13.52	84.55	47.18	-2.25	0.58	20.70	89.05	39.01	-1.13	0.20	12.51	85.30
61	37.24	-1.87	0.64	13.87	84.80	47.52	-2.31	0.63	21.05	89.22	39.36	-1.13	0.24	12.86	85.44
62	37.72	-1.91	0.71	14.22	85.04	47.86	-2.36	0.67	21.40	89.40	39.71	-1.14	0.27	13.21	85.57
63	38.21	-1.95	0.78	14.58	85.29	48.21	-2.42	0.70	21.75	89.57	40.06	-1.14	0.31	13.68	85.71
64	38.70	-1.98	0.85	14.95	85.54	48.55	-2.46	0.73	22.09	89.74	40.41	-1.15	0.35	13.87	85.85
65	39.18	-2.02	0.90	15.32	85.79	48.89	-2.51	0.75	22.42	89.91	40.75	-1.16	0.38	14.23	85.99
66	39.67	-2.05	0.96	15.69	86.04	49.22	-2.55	0.77	22.74	90.08	41.09	-1.16	0.41	14.58	86.14
67	40.16	-2.08	1.00	16.07	86.29	49.56	-2.58	0.78	23.06	90.25	41.43	-1.17	0.44	14.94	86.28
68	40.65	-2.10	1.05	16.46	86.54	49.90	-2.62	0.79	23.37	90.41	41.77	-1.19	0.47	15.30	86.42
69	41.14	-2.13	1.08	16.84	86.80	50.23	-2.65	0.79	23.67	90.57	42.11	-1.20	0.50	15.65	86.56
70	41.63	-2.15	1.11	17.24	87.05	50.56	-2.68	0.79	23.95	90.74	42.44	-1.22	0.53	16.01	86.70
71	42.11	-2.16	1.14	17.63	87.30	50.89	-2.71	0.79	24.23	90.89	42.77	-1.25	0.56	16.37	86.84
72	42.60	-2.17	1.16	18.03	87.55	51.21	-2.73	0.78	24.49	91.05	43.10	-1.27	0.58	16.96	86.99
73	43.09	-2.18	1.18	18.43	87.80	51.53	-2.75	0.77	24.73	91.20	43.43	-1.30	0.61	17.17	87.13
74	43.58	-2.19	1.19	18.83	88.04	51.85	-2.77	0.75	24.96	91.35	43.76	-1.34	0.63	17.52	87.27
75	44.07	-2.20	1.20	19.23	88.29	52.16	-2.79	0.74	25.18	91.50	44.08	-1.37	0.66	17.88	87.41
76	44.55	-2.20	1.20	19.63	88.53	52.47	-2.81	0.72	25.38	91.64	44.40	-1.42	0.68	18.23	87.54
77	45.04	-2.20	1.20	20.03	88.77	52.77	-2.82	0.70	25.56	91.78	44.72	-1.47	0.71	18.57	87.68
78	45.52	-2.21	1.20	20.42	89.01	53.07	-2.83	0.67	25.73	91.91	45.04	-1.52	0.73	18.91	87.82
79	46.00	-2.21	1.19	20.81	89.25	53.36	-2.84	0.65	25.88	92.05	45.35	-1.58	0.76	19.25	87.95
80	46.47	-2.21	1.18	21.19	89.48	53.65	-2.85	0.62	26.01	92.18	45.66	-1.65	0.78	19.58	88.09
81	46.94	-2.22	1.16	21.57	89.71	53.93	-2.86	0.59	26.13	92.30	45.97	-1.72	0.80	19.91	88.22
82	47.41	-2.22	1.15	21.94	89.94	54.20	-2.86	0.57	26.23	92.42	46.27	-1.79	0.83	20.23	88.35
83	47.87	-2.23	1.13	22.30	90.16	54.47	-2.87	0.54	26.31	92.54	46.57	-1.87	0.85	20.54	88.49
84	48.33	-2.24	1.10	22.65	90.38	54.73	-2.87	0.51	26.38	92.66	46.87	-1.95	0.87	20.85	88.62
85	48.78	-2.25	1.08	22.99	90.60	54.98	-2.87	0.48	26.43	92.77	47.16	-2.04	0.90	21.15	88.75
86	49.23	-2.26	1.05	23.31	90.81	55.22	-2.88	0.46	26.46	92.88	47.46	-2.13	0.92	21.44	88.88
87	49.67	-2.27	1.03	23.62	91.02	55.46	-2.88	0.43	26.48	92.98	47.74	-2.22	0.94	21.72	89.01
88	50.11	-2.29	1.00	23.92	91.22	55.69	-2.88	0.40	26.49	93.08	48.03	-2.31	0.95	21.99	89.13
89	50.54	-2.31	0.97	24.20	91.42	55.91	-2.87	0.37	26.47	93.18	48.31	-2.40	0.97	22.24	89.26
90	50.97	-2.34	0.93	24.46	91.62	56.12	-2.87	0.35	26.45	93.28	48.58	-2.49	0.99	22.49	89.39
91	51.39	-2.36	0.90	24.71	91.81	56.33	-2.87	0.32	26.41	93.37	48.85	-2.57	1.00	22.72	89.52
92	51.81	-2.39	0.87	24.93	91.99	56.52	-2.87	0.29	26.36	93.46	49.12	-2.64	1.01	22.94	89.64
93	52.22	-2.42	0.84	25.14	92.17	56.71	-2.86	0.27	26.30	93.54	49.38	-2.71	1.02	23.21	89.77
94	52.63	-2.45	0.80	25.34	92.35	56.89	-2.85	0.24	26.22	93.62	49.64	-2.77	1.03	23.39	89.89
95	53.03	-2.49	0.77	25.51	92.52	57.06	-2.85	0.22	26.14	93.70	49.89	-2.83	1.03	23.56	90.02
96	53.42	-2.53	0.74	25.66	92.69	57.22	-2.84	0.19	26.04	93.77	50.14	-2.88	1.04	23.71	90.14
97	53.81	-2.56	0.70	25.80	92.85	57.37	-2.83	0.17	25.94	93.84	50.39	-2.93	1.05	23.84	90.26
98	54.19	-2.60	0.67	25.92	93.00	57.52	-2.82	0.14	25.83	93.91	50.63	-2.97	1.05	23.95	90.39
99	54.57	-2.64	0.63	26.02	93.16	57.65	-2.81	0.12	25.71	93.97	50.87	-3.00	1.05	24.05	90.51
100	54.94	-2.68	0.60	26.11	93.30	57.77	-2.80	0.10	25.58	94.03	51.10	-3.03	1.06	24.13	90.63
101	55.31	-2.72	0.56	26.18	93.45	57.89	-2.79	0.08	25.45	94.08	51.33	-3.05	1.06	24.19	90.75
102	55.67	-2.76	0.52	26.23	93.58	57.99	-2.78	0.06	25.32	94.13	51.55	-3.08	1.07	24.23	90.87
103	56.02	-2.80	0.48	26.27	93.72	58.09	-2.77	0.04	25.18	94.18	51.77	-3.09	1.07	24.26	90.99
104	56.37	-2.83	0.43	26.30	93.85	58.18	-2.75	0.03	25.04	94.22	51.99	-3.11	1.08	24.27	91.11
105	56.71	-2.87	0.39	26.32	93.97	58.25	-2.74	0.02	24.89	94.27	52.21	-3.12	1.09	24.27	91.23
106	57.04	-2.90	0.35	26.33	94.09	58.32	-2.72	0.01	24.74	94.30	52.42	-3.13	1.10	24.25	91.35
107	57.36	-2.93	0.30	26.33	94.21	58.38	-2.71	-0.00	24.60	94.34	52.63	-3.14	1.11	24.21	91.46
108	57.68	-2.97	0.26	26.32	94.32	58.43	-2.69	-0.01	24.45	94.37	52.84	-3.14	1.12	24.16	91.58
109	57.99	-2.99	0.21	26.31	94.43	58.47	-2.68	-0.02	24.30	94.40	53.04	-3.15	1.14	24.10	91.70
110	58.28	-3.02	0.17	26.29	94.53	58.50	-2.67	-0.02	24.15	94.43	53.25	-3.15	1.16	24.03	91.81
111	58.57	-3.05	0.12	26.27	94.63	58.53	-2.65	-0.03	24.00	94.46	53.45	-3.15	1.18	23.95	91.93
112	58.85	-3.07	0.08	26.25	94.73	58.54	-2.64	-0.03	23.85	94.49	53.65	-3.15	1.20	23.86	92.04
113	59.13	-3.09	0.04	26.22	94.83	58.55	-2.63	-0.03	23.70	94.52	53.85	-3.15	1.22	23.76	92.15
114	59.39	-3.11	-0.00	26.19	94.92	58.55	-2.61	-0.03	23.56	94.55	54.05	-3.15	1.24	23.66	92.26
115	59.64	-3.13	-0.04	26.16	95.01	58.55	-2.60	-0.03	23.41	94.57	54.25	-3.15	1.26	23.55	92.37
116	59.88	-3.15	-0.08	26.13	95.10	58.54	-2.59	-0.04	23.27	94.60	54.45	-3.14	1.29	23.43	92.48
117	60.11	-3.16	-0.12	26.09	95.19	58.52	-2.58	-0.04	23.13	94.63	54.65	-3.14	1.31	23.31	92.59
118	60.34	-3.18	-0.15	26.06	95.28	58.50	-2.58	-0.04	22.99	94.65	54.84	-3.13	1.34	23.19	92.70
119	60.55	-3.19	-0.18	26.02	95.36	58.46	-2.57	-0.05	22.85	94.67	55.04	-3.13	1.36	23.07	92.80
120	60.75	-3.20	-0.21	25.98	95.45	58.43	-2.56	-0.06	22.72	94.70	55.24	-3.12	1.39	22.95	92.91
121	60.95	-3.21	-0.24	25.94	95.53	58.38	-2.55	-0.07	22.58	94.72	55.43	-3.11	1.41	22.83	93.01
122	61.13	-3.22	-0.27	25.89	95.62	58.33	-2.55	-0.08	22.44	94.74	55.63	-3.10	1.44	22.71	93.11
123	61.30	-3.23	-0.29	25.85	95.70	58.27	-2.54	-0.09	22.31	94.75	55.82	-3.09	1.46	22.59	93.22
124	61.47	-3.24	-0.32	25.80	95.78	58.21	-2.53	-0.11	22.17	94.77	56.01	-3.08	1.49	22.48	93.32
125	61.62	-3.25	-0.35	25.74	95.87	58.14	-2.52	-0.13	22.03	94.78	56.20	-3.06	1.51	22.37	93.42
126	61.76	-3.26	-0.37	25.69	95.95	58.06	-2.51	-0.15	21.89	94.78	56.39	-3.05	1.54	22.27	93.51
127	61.89	-3.27	-0.40	25.63	96.03	57.98	-2.50	-0.18	21.74	94.79	56.57	-3.03	1.56	22.16	93.61
128	62.02	-3.28	-0.43	25.57	96.11	57.89	-2.49	-0.21	21.60	94.79	56.75	-3.02	1.59	22.07	93.71
129	62.13	-3.28	-0.46	25.50	96.18	57.79	-2.48	-0.24	21.45	94.79	56.93	-3.00	1.61	21.97	93.80
130	62.23	-3.29	-0.49	25.44	96.25	57.69	-2.46	-0.28	21.29	94.78	57.10	-2.99	1.63	21.88	93.89
131	62.33	-3.30	-0.53	25.37	96.32	57.58	-2.45	-0.31	21.13	94.77	57.27	-2.97	1.66	21.79	93.98
132	62.41	-3.31	-0.57	25.30	96.39	57.46	-2.44	-0.35	20.96	94.75	57.43	-2.96	1.68	21.71	94.07
133	62.48	-3.32	-0.61	25.23	96.45	57.34	-2.42	-0.40	20.79	94.73	57.59	-2.95	1.70	21.63	94.16
134	62.54	-3.33	-0.66	25.16	96.51	57.21	-2.41	-0.44	20.61	94.71	57.74	-2.93	1.72	21.55	94.24
135	62.60	-3.33	-0.71	25.09	96.57	57.07	-2.39	-0.49	20.42	94.68	57.89	-2.92	1.74	21.47	94.32
136	62.64	-3.34	-0.76	25.02	96.62	56.93	-2.37	-0.55	20.22	94.65	58.03	-2.91	1.75	21.40	94.39
137	62.67	-3.34	-0.82	24.95	96.66	56.79	-2.35	-0.60	20.02	94.60	58.17	-2.90	1.77	21.32	94.46
138	62.69	-3.35	-0.88	24.88	96.70	56.64	-2.34	-0.66	19.81	94.56	58.30	-2.90	1.78	21.25	94.53
139	62.70	-3.35	-0.95	24.80	96.73	56.48	-2.31	-0.72	19.59	94.51	58.42	-2.89	1.78	21.18	94.60
140	62.70	-3.35	-1.03	24.73	96.76	56.33	-2.29	-0.79	19.36	94.45	58.54	-2.89	1.78	21.10	94.65
141	62.69	-3.35	-1.11	24.65	96.78	56.16	-2.27	-0.86	19.13	94.38	58.65	-2.89	1.78	21.03	94.71
142	62.68	-3.35	-1.19	24.57	96.79	56.00	-2.24	-0.93	18.88	94.31	58.76	-2.89	1.77	20.96	94.75
143	62.65	-3.35	-1.28	24.49	96.80	55.83	-2.22	-1.00	18.64	94.23	58.85	-2.89	1.75	20.88	94.79
144	62.61	-3.34	-1.38	24.41	96.80	55.66	-2.19	-1.08	18.38	94.14	58.95	-2.90	1.73	20.81	94.83
145	62.56	-3.34	-1.47	24.32	96.80	55.49	-2.16	-1.16	18.12	94.04	59.04	-2.91	1.70	20.73	94.86
146	62.50	-3.33	-1.57	24.22	96.79	55.32	-2.13	-1.24	17.85	93.94	59.12	-2.92	1.66	20.65	94.88
147	62.43	-3.32	-1.68	24.12	96.77	55.15	-2.10	-1.32	17.58	93.83	59.20	-2.93	1.61	20.57	94.90
148	62.36	-3.31	-1.78	24.02	96.75	54.98	-2.07	-1.40	17.30	93.72	59.27	-2.94	1.55	20.49	94.91
149	62.27	-3.30	-1.89	23.91	96.72	54.81	-2.04	-1.49	17.02	93.60	59.33	-2.95	1.48	20.40	94.91
150	62.18	-3.29	-2.00	23.79	96.69	54.65	-2.01	-1.57	16.73	93.47	59.40	-2.96	1.40	20.31	94.91
151	62.07	-3.28	-2.11	23.66	96.65	54.48	-1.99	-1.65	16.44	93.33	59.45	-2.97	1.31	20.22	94.90
152	61.96	-3.27	-2.22	23.53	96.60	54.31	-1.96	-1.74	16.15	93.20	59.50	-2.98	1.21	20.12	94.89
153	61.84	-3.25	-2.33	23.39	96.55	54.15	-1.93	-1.82	15.85	93.05	59.55	-2.99	1.11	20.01	94.87
154	61.71	-3.23	-2.44	23.24	96.50	53.99	-1.90	-1.90	15.54	92.90	59.59	-2.99	0.99	19.90	94.84
155	61.58	-3.22	-2.55	23.08	96.44	53.82	-1.88	-1.98	15.24	92.75	59.62	-3.00	0.88	19.79	94.81
156	61.44	-3.19	-2.66	22.91	96.38	53.66	-1.86	-2.05	14.93	92.59	59.65	-3.00	0.75	19.66	94.77
157	61.29	-3.17	-2.77	22.73	96.31	53.51	-1.84	-2.12	14.61	92.43	59.67	-3.00	0.63	19.53	94.73
158	61.13	-3.15	-2.87	22.55	96.24	53.35	-1.83	-2.19	14.30	92.27	59.68	-2.99	0.50	19.39	94.68
159	60.97	-3.12	-2.98	22.36	96.17	53.19	-1.81	-2.25	13.98	92.10	59.68	-2.99	0.36	19.24	94.62
160	60.80	-3.09	-3.08	22.15	96.10	53.04	-1.81	-2.31	13.66	91.93	59.68	-2.98	0.23	19.08	94.56
161	60.63	-3.06	-3.18	21.95	96.02	52.88	-1.81	-2.35	13.34	91.75	59.67	-2.97	0.10	18.91	94.50
162	60.45	-3.02	-3.27	21.73	95.94	52.73	-1.81	-2.39	13.01	91.57	59.65	-2.95	-0.03	18.73	94.43
163	60.27	-2.99	-3.36	21.51	95.87	52.57	-1.82	-2.42	12.69	91.39	59.62	-2.93	-0.16	18.54	94.36
164	60.08	-2.94	-3.45	21.28	95.79	52.42	-1.83	-2.44	12.36	91.21	59.57	-2.91	-0.28	18.33	94.28
165	59.88	-2.90	-3.53	21.04	95.70	52.26	-1.85	-2.44	12.04	91.02	59.52	-2.89	-0.40	18.12	94.20
166	59.69	-2.86	-3.61	20.80	95.62	52.11	-1.87	-2.44	11.72	90.83	59.46	-2.86	-0.52	17.90	94.12
167	59.48	-2.81	-3.68	20.55	95.54	51.95	-1.90	-2.41	11.40	90.63	59.39	-2.83	-0.64	17.67	94.03
168	59.28	-2.76	-3.75	20.29	95.46	51.79	-1.94	-2.38	11.08	90.44	59.31	-2.80	-0.75	17.43	93.94
169	59.06	-2.71	-3.81	20.03	95.37	51.63	-1.97	-2.33	10.76	90.23	59.22	-2.77	-0.85	17.18	93.84
170	58.85	-2.65	-3.86	19.76	95.29	51.47	-2.01	-2.26	10.44	90.02	59.12	-2.74	-0.95	16.92	93.74
171	58.63	-2.60	-3.90	19.49	95.20	51.30	-2.04	-2.18	10.13	89.81	59.00	-2.71	-1.05	16.66	93.63
172	58.40	-2.54	-3.94	19.21	95.11	51.14	-2.07	-2.09	9.83	89.59	58.88	-2.68	-1.14	16.40	93.52
173	58.18	-2.49	-3.96	18.92	95.02	50.98	-2.10	-1.98	9.53	89.37	58.75	-2.65	-1.23	16.13	93.40
174	57.94	-2.43	-3.98	18.63	94.93	50.81	-2.12	-1.85	9.24	89.14	58.61	-2.62	-1.31	15.85	93.28
175	57.70	-2.38	-3.98	18.34	94.83	50.65	-2.13	-1.71	8.95	88.90	58.46	-2.59	-1.39	15.58	93.15
176	57.46	-2.32	-3.97	18.04	94.73	50.49	-2.13	-1.55	8.67	88.66	58.30	-2.56	-1.46	15.30	93.02
177	57.22	-2.27	-3.95	17.74	94.63	50.34	-2.12	-1.39	8.39	88.41	58.13	-2.54	-1.52	15.02	92.88
178	56.97	-2.22	-3.92	17.44	94.52	50.19	-2.10	-1.21	8.12	88.16	57.96	-2.51	-1.58	14.75	92.73
179	56.71	-2.17	-3.88	17.13	94.41	50.05	-2.06	-1.02	7.86	87.91	57.77	-2.50	-1.63	14.47	92.57
180	56.45	-2.11	-3.82	16.82	94.29	49.93	-2.01	-0.83	7.60	87.64	57.58	-2.48	-1.67	14.20	92.41
181	56.19	-2.06	-3.75	16.51	94.16	49.81	-1.95	-0.63	7.34	87.38	57.38	-2.48	-1.71	13.93	92.24
182	55.92	-2.01	-3.66	16.20	94.03	49.72	-1.87	-0.42	7.09	87.11	57.18	-2.48	-1.74	13.67	92.06
183	55.65	-1.96	-3.56	15.89	93.90	49.64	-1.77	-0.22	6.84	86.84	56.97	-2.48	-1.76	13.41	91.87
184	55.37	-1.90	-3.45	15.58	93.75	49.58	-1.66	-0.01	6.60	86.57	56.76	-2.49	-1.77	13.15	91.68
185	55.09	-1.85	-3.33	15.26	93.60	49.54	-1.55	0.21	6.36	86.30	56.54	-2.51	-1.77	12.90	91.48
186	54.81	-1.79	-3.19	14.95	93.44	49.52	-1.42	0.42	6.11	86.03	56.32	-2.54	-1.76	12.66	91.27
187	54.52	-1.73	-3.04	14.64	93.28	49.52	-1.29	0.62	5.87	85.75	56.09	-2.58	-1.75	12.42	91.06
188	54.23	-1.66	-2.88	14.33	93.10	49.54	-1.16	0.83	5.63	85.47	55.86	-2.63	-1.72	12.18	90.84
189	53.94	-1.59	-2.71	14.02	92.93	49.58	-1.03	1.03	5.39	85.20	55.62	-2.69	-1.69	11.96	90.61
190	53.65	-1.52	-2.53	13.71	92.74	49.65	-0.90	1.23	5.15	84.92	55.39	-2.76	-1.64	11.74	90.38
191	53.35	-1.45	-2.34	13.41	92.54	49.73	-0.78	1.43	4.91	84.64	55.15	-2.83	-1.58	11.52	90.14
192	53.06	-1.37	-2.13	13.11	92.34	49.82	-0.68	1.61	4.67	84.37	54.91	-2.91	-1.51	11.32	89.90
193	52.77	-1.29	-1.92	12.81	92.14	49.94	-0.58	1.79	4.42	84.10	54.67	-3.00	-1.42	11.11	89.66
194	52.48	-1.21	-1.70	12.52	91.92	50.07	-0.50	1.97	4.17	83.82	54.42	-3.09	-1.33	10.92	89.41
195	52.19	-1.13	-1.47	12.23	91.70	50.21	-0.43	2.13	3.92	83.55	54.18	-3.18	-1.22	10.73	89.16
196	51.91	-1.04	-1.24	11.94	91.48	50.36	-0.38	2.28	3.66	83.28	53.94	-3.27	-1.10	10.54	88.90
197	51.63	-0.95	-1.00	11.66	91.25	50.51	-0.36	2.42	3.41	83.01	53.70	-3.35	-0.97	10.36	88.65
198	51.36	-0.86	-0.76	11.38	91.01	50.67	-0.35	2.55	3.14	82.74	53.46	-3.43	-0.83	10.18	88.39
199	51.10	-0.77	-0.51	11.11	90.78	50.83	-0.35	2.66	2.87	82.47	53.22	-3.50	-0.69	10.00	88.13
200	50.85	-0.68	-0.26	10.85	90.53	50.98	-0.38	2.76	3.49	82.20	52.99	-3.57	-0.53	9.82	87.87
201	50.61	-0.60	-0.01	10.59	90.28	51.12	-0.42	2.84	3.20	81.92	52.77	-3.62	-0.37	9.65	87.61
202	50.39	-0.51	0.24	10.33	90.03	51.24	-0.47	2.91	2.91	81.62	52.55	-3.66	-0.20	9.48	87.35
203	50.18	-0.43	0.49	10.08	89.78	51.35	-0.54	2.96	2.61	81.32	52.34	-3.68	-0.03	9.30	87.08
204	49.98	-0.35	0.73	9.84	89.52	51.43	-0.61	3.00	2.30	81.01	52.14	-3.69	0.15	9.13	86.82
205	49.80	-0.27	0.97	9.60	89.26	51.48	-0.70	3.02	1.98	80.68	51.95	-3.68	0.33	8.95	86.56
206	49.64	-0.20	1.21	9.36	89.00	51.49	-0.79	3.04	1.66	80.32	51.77	-3.66	0.51	8.78	86.29
207	49.49	-0.14	1.44	9.13	88.74	51.46	-0.89	3.04	1.32	79.95	51.61	-3.62	0.68	8.60	86.03
208	49.34	-0.09	1.66	8.90	88.47	51.39	-1.00	3.04	0.97	79.54	51.46	-3.57	0.86	8.41	85.76
209	49.21	-0.05	1.88	8.68	88.21	51.26	-1.12	3.03	0.60	79.11	51.33	-3.50	1.04	8.23	85.49
210	49.09	-0.03	2.09	8.47	87.94	51.07	-1.24	3.01	0.22	78.64	51.21	-3.42	1.21	8.03	85.22
211	48.97	-0.02	2.28	8.25	87.66	50.82	-1.36	2.99	-0.65	78.13	51.12	-3.33	1.38	7.84	84.95
212	48.85	-0.03	2.47	8.04	87.39	50.50	-1.48	2.97	-1.18	77.59	51.03	-3.23	1.54	7.63	84.68
213	48.72	-0.06	2.64	7.83	87.11	50.11	-1.61	2.95	-1.73	76.99	50.97	-3.12	1.70	7.43	84.40
214	48.59	-0.10	2.80	7.61	86.83	49.64	-1.74	2.93	-2.31	76.34	50.91	-3.01	1.86	7.21	84.12
215	48.45	-0.16	2.94	7.40	86.54	49.09	-1.87	2.90	-2.91	75.64	50.88	-2.89	2.00	6.99	83.84
216	48.30	-0.23	3.07	7.18	86.25	48.45	-2.00	2.88	-3.53	74.88	50.85	-2.77	2.14	6.76	83.56
217	48.12	-0.32	3.18	6.96	85.95	47.72	-2.12	2.86	-4.16	74.06	50.84	-2.65	2.27	6.53	83.28
218	47.93	-0.42	3.27	6.72	85.64	46.89	-2.24	2.84	-4.81	73.17	50.84	-2.54	2.39	6.29	83.00
219	47.70	-0.54	3.35	6.48	85.32	45.97	-2.35	2.81	-5.47	72.21	50.85	-2.43	2.50	6.04	82.72
220	47.43	-0.66	3.41	6.22	84.98	44.96	-2.46	2.79	-6.14	71.17	50.86	-2.32	2.60	5.79	82.44
221	47.13	-0.79	3.46	5.94	84.62	43.84	-2.56	2.76	-6.81	70.05	50.87	-2.22	2.69	5.53	82.15
222	46.78	-0.92	3.49	5.65	84.25	42.61	-2.64	2.73	-7.47	68.85	50.88	-2.14	2.76	5.26	81.87
223	46.37	-1.06	3.50	5.33	83.85	41.29	-2.72	2.69	-8.13	67.57	50.89	-2.06	2.82	4.98	81.58
224	45.90	-1.19	3.50	4.98	83.42	39.85	-2.79	2.64	-8.78	66.20	50.88	-1.99	2.86	4.70	81.29
225	45.38	-1.33	3.49	4.61	82.95	38.32	-2.84	2.59	-9.40	64.75	50.86	-1.94	2.89	4.40	81.00
226	44.78	-1.46	3.47	4.21	82.45	36.69	-2.89	2.53	-10.01	63.20	50.82	-1.90	2.91	4.10	80.70
227	44.10	-1.58	3.44	3.77	81.90	34.95	-2.93	2.46	-10.59	61.57	50.75	-1.88	2.90	4.70	80.40
228	43.34	-1.71	3.39	3.30	81.30	33.13	-2.96	2.37	-11.14	59.86	50.65	-1.87	2.89	4.34	80.08
229	42.50	-1.82	3.33	2.80	80.65	31.21	-2.99	2.28	-11.66	58.07	50.51	-1.87	2.86	3.97	79.75
230	41.57	-1.93	3.27	2.26	79.93	29.21	-3.01	2.18	-12.14	56.21	50.33	-1.88	2.81	3.60	79.40
231	40.54	-2.03	3.19	1.68	79.15	27.14	-3.02	2.08	-12.59	54.28	50.10	-1.90	2.76	3.21	79.02
232	39.41	-2.12	3.10	1.07	78.29	25.01	-3.03	1.97	-13.00	52.30	49.81	-1.94	2.70	2.80	78.63
233	38.18	-2.21	3.00	0.42	77.36	22.82	-3.03	1.85	-13.37	50.28	49.46	-1.98	2.63	2.38	78.20
234	36.85	-2.29	2.88	-0.26	76.33	20.60	-3.03	1.73	-13.70	48.24	49.05	-2.03	2.55	1.95	77.74
235	35.42	-2.37	2.76	-0.97	75.22	18.37	-3.02	1.61	-14.00	46.19	48.56	-2.08	2.48	1.50	77.23
236	33.88	-2.45	2.62	-1.70	74.00	16.13	-3.00	1.49	-14.27	44.15	48.00	-2.14	2.39	1.03	76.68
237	32.24	-2.52	2.47	-2.46	72.69	13.91	-2.96	1.38	-14.50	42.14	47.35	-2.20	2.31	0.54	76.08
238	30.50	-2.60	2.31	-3.24	71.26	11.73	-2.92	1.27	-14.70	40.18	46.61	-2.26	2.22	0.02	75.43
239	28.67	-2.67	2.14	-4.03	69.74	9.62	-2.86	1.17	-14.87	38.29	45.79	-2.33	2.13	-0.52	74.71
240	26.75	-2.75	1.96	-4.83	68.10	7.59	-2.79	1.07	-15.02	36.50	44.86	-2.39	2.04	-1.95	73.93
241	24.74	-2.83	1.78	-5.62	66.35	5.66	-2.70	0.98	-15.15	34.81	43.83	-2.45	1.95	-2.72	73.07
242	22.67	-2.90	1.59	-6.41	64.50	3.87	-2.60	0.90	-15.26	33.25	42.71	-2.52	1.86	-3.51	72.13
243	20.54	-2.98	1.40	-7.18	62.55	2.21	-2.50	0.83	-15.35	31.82	41.47	-2.59	1.77	-4.33	71.11
244	18.36	-3.05	1.22	-7.92	60.51	0.72	-2.38	0.77	-15.42	30.53	40.12	-2.66	1.67	-5.17	70.01
245	16.16	-3.11	1.03	-8.64	58.39	-0.61	-2.27	0.71	-15.48	29.38	38.67	-2.73	1.57	-6.02	68.81
246	13.95	-3.16	0.86	-9.32	56.21	-1.75	-2.16	0.66	-15.53	28.37	37.11	-2.81	1.46	-6.89	67.52
247	11.75	-3.19	0.69	-9.95	53.96	-2.72	-2.05	0.61	-15.57	27.50	35.43	-2.89	1.35	-7.75	66.13
248	9.58	-3.20	0.54	-10.54	51.69	-3.49	-1.97	0.58	-15.60	26.75	33.65	-2.98	1.24	-8.62	64.64
249	7.48	-3.18	0.39	-11.08	49.39	-4.08	-1.90	0.55	-15.62	26.11	31.77	-3.07	1.12	-9.47	63.05
250	5.46	-3.14	0.27	-11.56	47.11	-4.50	-1.86	0.52	-15.63	25.59	29.78	-3.16	1.00	-10.30	61.37
251	3.56	-3.07	0.15	-12.00	44.84	-4.74	-1.85	0.50	-15.64	25.16	27.71	-3.26	0.87	-11.12	59.59
252	1.79	-2.97	0.05	-12.38	42.63	-4.82	-1.86	0.49	-15.64	24.82	25.55	-3.37	0.74	-11.90	57.73
253	0.19	-2.85	-0.03	-12.71	40.49	-4.76	-1.91	0.49	-15.63	24.57	23.33	-3.47	0.62	-12.65	55.79
254	-1.23	-2.71	-0.09	-12.99	38.43	-4.56	-1.99	0.49	-15.62	24.39	21.04	-3.57	0.50	-13.36	53.78
255	-2.45	-2.56	-0.14	-13.24	36.48	-4.24	-2.10	0.50	-15.61	24.29	18.72	-3.65	0.38	-14.02	51.72
256	-3.45	-2.41	-0.18	-13.44	34.65	-3.81	-2.24	0.52	-15.58	24.26	16.37	-3.73	0.27	-14.63	49.62
257	-4.23	-2.27	-0.19	-13.61	32.96	-3.30	-2.40	0.53	-15.56	24.29	14.02	-3.79	0.17	-15.19	47.50
258	-4.77	-2.16	-0.19	-13.74	31.39	-2.72	-2.58	0.56	-15.52	24.37	11.70	-3.82	0.08	-15.70	45.37
259	-5.09	-2.07	-0.17	-13.85	29.97	-2.08	-2.78	0.58	-15.49	24.51	9.43	-3.83	0.00	-16.15	43.26
260	-5.19	-2.01	-0.14	-13.94	28.69	-1.41	-2.99	0.61	-15.45	24.69	7.23	-3.80	-0.06	-16.55	41.19
261	-5.08	-1.99	-0.10	-14.00	27.55	-0.71	-3.20	0.63	-15.41	24.91	5.14	-3.74	-0.12	-16.90	39.18
262	-4.76	-2.01	-0.06	-14.04	26.54	-0.01	-3.40	0.66	-15.36	25.17	3.18	-3.65	-0.16	-17.19	37.26
263	-4.27	-2.07	-0.01	-14.06	25.66	0.69	-3.60	0.69	-15.31	25.47	1.38	-3.53	-0.19	-17.44	35.43
264	-3.62	-2.16	0.03	-13.87	24.91	1.37	-3.79	0.72	-15.26	25.80	-0.24	-3.39	-0.21	-17.64	33.72
265	-2.83	-2.28	0.06	-13.71	24.27	2.02	-3.97	0.76	-15.21	26.15	-1.65	-3.23	-0.22	-17.79	32.15
266	-1.92	-2.43	0.08	-13.55	23.75	2.63	-4.12	0.79	-15.15	26.53	-2.85	-3.07	-0.22	-17.91	30.71
267	-0.91	-2.60	0.08	-13.38	23.33	3.20	-4.25	0.82	-15.10	26.94	-3.81	-2.91	-0.21	-18.00	29.41
268	0.17	-2.78	0.07	-13.21	23.02	3.70	-4.36	0.85	-15.04	27.36	-4.55	-2.76	-0.19	-18.05	28.26
269	1.30	-2.96	0.04	-13.03	22.79	4.15	-4.44	0.89	-14.97	27.81	-5.05	-2.64	-0.16	-18.08	27.24
270	2.46	-3.14	-0.01	-12.84	22.64	4.53	-4.49	0.92	-14.91	28.27	-5.32	-2.56	-0.13	-18.08	26.36
271	3.62	-3.31	-0.07	-12.65	22.57	4.84	-4.52	0.95	-14.84	28.76	-5.37	-2.51	-0.10	-18.06	25.60
272	4.77	-3.47	-0.14	-12.46	22.56	5.07	-4.52	0.97	-14.77	29.26	-5.22	-2.50	-0.07	-18.02	24.97
273	5.88	-3.61	-0.22	-12.26	22.60	5.23	-4.50	0.99	-14.69	29.78	-4.88	-2.54	-0.03	-17.96	24.44
274	6.94	-3.74	-0.30	-12.07	22.68	5.31	-4.45	1.01	-14.61	30.33	-4.37	-2.62	-0.01	-17.88	24.01
275	7.93	-3.84	-0.38	-11.87	22.81	5.31	-4.38	1.02	-14.53	30.90	-3.71	-2.74	0.01	-17.79	23.68
276	8.84	-3.92	-0.46	-11.68	22.97	5.25	-4.29	1.02	-14.44	31.49	-2.91	-2.89	0.02	-17.68	23.44
277	9.65	-3.98	-0.53	-11.49	23.15	5.11	-4.18	1.01	-14.35	32.11	-2.00	-3.07	0.02	-17.56	23.28
278	10.35	-4.03	-0.59	-11.30	23.35	4.91	-4.06	0.99	-14.25	32.76	-1.00	-3.28	0.01	-17.43	23.18
279	10.95	-4.05	-0.64	-11.12	23.57	4.64	-3.92	0.97	-14.14	33.44	0.06	-3.49	-0.02	-17.28	23.15
280	11.43	-4.05	-0.67	-10.95	23.82	4.33	-3.78	0.93	-14.03	34.15	1.16	-3.71	-0.05	-16.49	23.16
281	11.79	-4.04	-0.69	-10.79	24.07	3.96	-3.63	0.88	-13.91	34.90	2.29	-3.92	-0.11	-16.20	23.21
282	12.03	-4.01	-0.69	-10.64	24.35	3.56	-3.47	0.81	-13.78	35.68	3.43	-4.11	-0.17	-15.93	23.30
283	12.15	-3.96	-0.68	-10.50	24.65	3.12	-3.32	0.74	-13.64	36.50	4.54	-4.29	-0.23	-15.66	23.42
284	12.16	-3.90	-0.66	-10.36	24.97	2.67	-3.16	0.67	-13.49	37.35	5.63	-4.44	-0.31	-15.41	23.55
285	12.06	-3.82	-0.64	-10.24	25.31	2.19	-3.01	0.58	-13.33	38.24	6.66	-4.55	-0.38	-15.18	23.70
286	11.86	-3.72	-0.60	-10.12	25.68	1.72	-2.87	0.49	-13.16	39.16	7.63	-4.64	-0.45	-14.95	23.86
287	11.56	-3.60	-0.57	-10.02	26.08	1.25	-2.73	0.40	-12.97	40.10	8.52	-4.69	-0.52	-14.74	24.03
288	11.18	-3.47	-0.54	-9.91	26.51	0.79	-2.60	0.31	-11.96	41.06	9.32	-4.70	-0.58	-14.55	24.20
289	10.71	-3.33	-0.51	-9.82	26.97	0.35	-2.48	0.22	-11.65	42.04	10.02	-4.69	-0.64	-14.37	24.37
290	10.18	-3.17	-0.49	-9.73	27.47	-0.06	-2.36	0.13	-11.34	43.03	10.61	-4.64	-0.68	-14.19	24.55
291	9.58	-3.01	-0.49	-9.63	28.00	-0.44	-2.26	0.04	-11.04	44.02	11.08	-4.56	-0.72	-14.04	24.73
292	8.94	-2.83	-0.49	-9.54	28.57	-0.79	-2.16	-0.04	-10.74	45.00	11.44	-4.46	-0.75	-13.89	24.91
293	8.26	-2.65	-0.52	-9.45	29.18	-1.09	-2.07	-0.12	-10.45	45.96	11.68	-4.34	-0.77	-13.75	25.11
294	7.54	-2.46	-0.55	-9.35	29.82	-1.35	-1.99	-0.19	-10.17	46.89	11.80	-4.21	-0.79	-13.62	25.31
295	6.81	-2.28	-0.61	-9.24	30.49	-1.56	-1.92	-0.25	-9.90	47.78	11.80	-4.05	-0.81	-13.49	25.53
296	6.07	-2.09	-0.68	-9.13	31.20	-1.73	-1.85	-0.32	-9.63	48.63	11.68	-3.89	-0.82	-13.37	25.77
297	5.33	-1.90	-0.76	-9.01	31.94	-1.86	-1.79	-0.37	-9.36	49.42	11.46	-3.72	-0.85	-13.26	26.03
298	4.59	-1.72	-0.86	-8.87	32.71	-1.94	-1.74	-0.43	-9.11	50.15	11.13	-3.54	-0.87	-13.14	26.31
299	3.87	-1.55	-0.96	-8.72	33.50	-1.97	-1.69	-0.48	-8.86	50.80	10.70	-3.36	-0.91	-13.03	26.63
300	3.18	-1.38	-1.08	-8.57	34.31	-1.97	-1.65	-0.54	-8.61	51.38	10.19	-3.18	-0.95	-12.91	26.99
301	2.51	-1.22	-1.19	-8.40	35.13	-1.92	-1.61	-0.59	-8.38	51.89	9.60	-2.99	-1.01	-12.79	27.38
302	1.88	-1.07	-1.31	-8.21	35.95	-1.84	-1.57	-0.65	-8.15	52.31	8.95	-2.81	-1.08	-12.67	27.82
303	1.29	-0.94	-1.42	-8.02	36.79	-1.72	-1.54	-0.70	-7.93	52.65	8.25	-2.64	-1.16	-12.54	28.31
304	0.74	-0.81	-1.53	-7.82	37.61	-1.56	-1.51	-0.76	-7.71	52.91	7.50	-2.47	-1.25	-12.40	28.84
305	0.24	-0.70	-1.63	-7.60	38.43	-1.38	-1.48	-0.82	-7.50	53.09	6.72	-2.30	-1.36	-12.25	29.42
306	-0.21	-0.61	-1.72	-7.39	39.24	-1.17	-1.46	-0.88	-7.29	53.20	5.93	-2.14	-1.47	-12.09	30.06
307	-0.61	-0.53	-1.80	-7.16	40.02	-0.94	-1.45	-0.94	-7.09	53.24	5.13	-1.99	-1.59	-11.92	30.75
308	-0.96	-0.46	-1.86	-6.93	40.79	-0.69	-1.44	-1.00	-6.90	53.21	4.33	-1.85	-1.71	-11.74	31.49
309	-1.25	-0.41	-1.90	-6.71	41.52	-0.42	-1.43	-1.06	-6.70	53.12	3.55	-1.71	-1.84	-11.55	32.28
310	-1.48	-0.37	-1.93	-6.48	42.22	-0.13	-1.43	-1.11	-6.51	52.99	2.79	-1.59	-1.96	-11.36	33.12
311	-1.66	-0.35	-1.95	-6.26	42.89	0.18	-1.43	-1.17	-6.33	52.81	2.07	-1.47	-2.08	-11.15	34.00
312	-1.78	-0.34	-1.95	-6.04	43.52	0.49	-1.44	-1.21	-6.14	52.59	1.39	-1.36	-2.20	-10.93	34.92
313	-1.85	-0.35	-1.93	-5.83	44.11	0.81	-1.46	-1.25	-5.96	52.34	0.75	-1.27	-2.30	-10.71	35.88
314	-1.87	-0.36	-1.91	-5.63	44.65	1.14	-1.48	-1.29	-5.78	52.07	0.17	-1.18	-2.39	-10.49	36.86
315	-1.83	-0.39	-1.87	-5.44	45.15	1.47	-1.51	-1.31	-5.60	51.78	-0.36	-1.10	-2.47	-10.26	37.87
316	-1.75	-0.43	-1.82	-5.27	45.59	1.81	-1.54	-1.32	-5.42	51.48	-0.83	-1.04	-2.54	-10.03	38.88
317	-1.61	-0.48	-1.77	-5.11	45.99	2.14	-1.58	-1.32	-5.25	51.17	-1.24	-0.98	-2.59	-9.81	39.90
318	-1.43	-0.54	-1.71	-4.97	46.34	2.47	-1.63	-1.31	-5.07	50.87	-1.59	-0.93	-2.63	-9.58	40.92
319	-1.20	-0.60	-1.65	-4.85	46.64	2.80	-1.67	-1.29	-4.89	50.57	-1.88	-0.89	-2.65	-9.35	41.91
320	-0.94	-0.67	-1.58	-4.74	46.89	3.13	-1.73	-1.25	-4.72	50.28	-2.11	-0.86	-2.65	-9.13	42.89
321	-0.63	-0.75	-1.52	-4.66	47.09	3.45	-1.78	-1.20	-4.55	50.00	-2.28	-0.83	-2.65	-8.92	43.83
322	-0.29	-0.82	-1.46	-4.60	47.24	3.76	-1.84	-1.14	-4.38	49.73	-2.39	-0.81	-2.63	-8.71	44.72
323	0.08	-0.91	-1.41	-4.55	47.34	4.07	-1.90	-1.06	-4.21	49.48	-2.46	-0.80	-2.61	-8.51	45.57
324	0.48	-0.99	-1.35	-4.53	47.40	4.36	-1.97	-0.97	-4.04	49.24	-2.47	-0.79	-2.57	-8.31	46.35
325	0.90	-1.08	-1.30	-4.53	47.41	4.65	-2.03	-0.87	-3.87	49.02	-2.43	-0.79	-2.53	-8.13	47.07
326	1.34	-1.16	-1.26	-4.55	47.38	4.92	-2.09	-0.76	-3.71	48.82	-2.36	-0.79	-2.49	-7.95	47.71
327	1.81	-1.25	-1.22	-4.58	47.31	5.19	-2.15	-0.64	-3.56	48.63	-2.24	-0.79	-2.44	-7.78	48.28
328	2.28	-1.33	-1.17	-4.64	47.22	5.44	-2.21	-0.51	-3.40	48.46	-2.10	-0.80	-2.39	-7.62	48.77
329	2.77	-1.42	-1.13	-4.70	47.09	5.67	-2.26	-0.37	-3.26	48.30	-1.92	-0.82	-2.34	-7.47	49.17
330	3.27	-1.50	-1.09	-4.79	46.93	5.90	-2.31	-0.22	-3.12	48.15	-1.72	-0.83	-2.28	-7.33	49.49
331	3.77	-1.58	-1.05	-4.89	46.75	6.11	-2.36	-0.08	-2.99	48.01	-1.50	-0.85	-2.23	-7.19	49.73
332	4.28	-1.66	-1.01	-4.99	46.55	6.31	-2.40	0.07	-2.86	47.88	-1.26	-0.87	-2.18	-7.06	49.88
333	4.78	-1.74	-0.96	-5.11	46.34	6.49	-2.43	0.22	-2.74	47.75	-1.01	-0.89	-2.13	-6.94	49.96
334	5.28	-1.82	-0.91	-5.24	46.12	6.66	-2.46	0.36	-2.63	47.63	-0.74	-0.92	-2.07	-6.82	49.97
335	5.78	-1.89	-0.85	-5.37	45.88	6.82	-2.48	0.50	-2.53	47.51	-0.47	-0.95	-2.02	-6.71	49.90
336	6.27	-1.95	-0.79	-5.51	45.65	6.96	-2.50	0.63	-2.44	47.39	-0.19	-0.98	-1.96	-6.60	49.78
337	6.74	-2.01	-0.71	-5.66	45.40	7.08	-2.50	0.75	-2.36	47.27	0.09	-1.01	-1.90	-6.50	49.61
338	7.21	-2.07	-0.64	-5.80	45.16	7.19	-2.51	0.86	-2.29	47.14	0.38	-1.05	-1.84	-6.40	49.39
339	7.65	-2.12	-0.55	-5.95	44.92	7.29	-2.50	0.96	-2.23	47.01	0.67	-1.09	-1.77	-6.30	49.14
340	8.08	-2.17	-0.46	-6.10	44.68	7.37	-2.49	1.05	-2.17	46.87	0.96	-1.13	-1.69	-6.21	48.87
341	8.49	-2.21	-0.36	-6.25	44.44	7.43	-2.48	1.12	-2.13	46.72	1.24	-1.17	-1.62	-6.12	48.58
342	8.87	-2.25	-0.26	-6.40	44.21	7.49	-2.46	1.18	-2.09	46.56	1.53	-1.22	-1.53	-6.03	48.28
343	9.23	-2.28	-0.16	-6.55	43.98	7.53	-2.45	1.22	-2.06	46.40	1.82	-1.27	-1.44	-5.94	47.97
344	9.56	-2.31	-0.05	-6.70	43.75	7.56	-2.42	1.25	-2.04	46.23	2.10	-1.33	-1.34	-5.85	47.67
345	9.86	-2.33	0.05	-6.85	43.52	7.57	-2.40	1.27	-2.02	46.05	2.38	-1.38	-1.24	-5.77	47.39
346	10.12	-2.34	0.16	-7.00	43.30	7.58	-2.38	1.28	-2.01	45.86	2.66	-1.44	-1.13	-5.69	47.11
347	10.35	-2.35	0.26	-7.14	43.08	7.58	-2.36	1.27	-2.01	45.66	2.93	-1.50	-1.02	-5.61	46.86
348	10.54	-2.36	0.35	-7.29	42.86	7.57	-2.34	1.25	-2.01	45.46	3.19	-1.56	-0.90	-5.53	46.62
349	10.70	-2.36	0.44	-7.44	42.65	7.55	-2.32	1.23	-2.02	45.26	3.45	-1.63	-0.78	-5.45	46.41
350	10.81	-2.35	0.52	-7.58	42.44	7.52	-2.30	1.19	-2.03	45.05	3.70	-1.69	-0.66	-5.38	46.22
351	10.89	-2.34	0.60	-7.73	42.23	7.49	-2.29	1.14	-2.04	44.84	3.93	-1.75	-0.54	-5.31	46.05
352	10.93	-2.33	0.66	-7.88	42.03	7.45	-2.27	1.09	-2.06	44.63	4.15	-1.80	-0.42	-5.24	45.90
353	10.92	-2.32	0.71	-8.02	41.83	7.40	-2.26	1.03	-2.08	44.41	4.35	-1.86	-0.30	-5.18	45.77
354	10.88	-2.31	0.75	-8.17	41.64	7.36	-2.25	0.97	-2.10	44.20	4.54	-1.91	-0.19	-5.13	45.66
355	10.79	-2.29	0.78	-8.32	41.46	7.30	-2.25	0.90	-2.13	43.99	4.70	-1.96	-0.08	-5.07	45.57
356	10.67	-2.28	0.80	-8.47	41.28	7.24	-2.25	0.83	-2.16	43.78	4.85	-2.00	0.02	-5.03	45.49
357	10.50	-2.26	0.81	-8.62	41.10	7.18	-2.25	0.75	-2.19	43.57	4.96	-2.04	0.11	-4.99	45.42
358	10.30	-2.25	0.81	-8.77	40.93	7.11	-2.25	0.68	-2.22	43.37	5.06	-2.07	0.19	-4.96	45.36
359	10.06	-2.24	0.80	-8.92	40.77	7.04	-2.26	0.60	-2.26	43.16	5.12	-2.09	0.26	-4.93	45.30
360	9.79	-2.23	0.79	-9.06	40.61	6.97	-2.27	0.51	-2.29	42.95	5.16	-2.11	0.31	-4.92	45.25
361	9.48	-2.22	0.77	-9.21	40.46	6.89	-2.28	0.43	-2.33	42.75	5.16	-2.11	0.35	-4.91	45.21
362	9.15	-2.21	0.75	-9.36	40.30	6.81	-2.29	0.34	-2.37	42.54	5.14	-2.12	0.37	-4.91	45.16
363	8.78	-2.21	0.72	-9.50	40.15	6.73	-2.30	0.25	-2.41	42.33	5.09	-2.11	0.38	-4.92	45.12
364	8.38	-2.20	0.69	-9.64	39.99	6.65	-2.31	0.17	-2.45	42.11	5.01	-2.10	0.38	-4.93	45.08
365	7.96	-2.20	0.66	-9.78	39.83	6.56	-2.32	0.08	-2.50	41.90	4.91	-2.07	0.36	-4.96	45.03
366	7.52	-2.20	0.63	-9.91	39.67	6.47	-2.33	-0.01	-2.55	41.67	4.77	-2.05	0.32	-4.99	44.98
367	7.06	-2.20	0.60	-10.04	39.50	6.38	-2.35	-0.09	-2.60	41.45	4.62	-2.01	0.27	-5.03	44.93
368	6.59	-2.19	0.58	-10.17	39.32	6.29	-2.36	-0.18	-2.65	41.21	4.44	-1.97	0.21	-5.07	44.87
369	6.10	-2.18	0.56	-10.29	39.13	6.21	-2.36	-0.26	-2.71	40.98	4.24	-1.93	0.14	-5.12	44.80
370	5.61	-2.17	0.54	-10.40	38.94	6.12	-2.37	-0.33	-2.77	40.74	4.02	-1.88	0.05	-5.18	44.73
371	5.11	-2.15	0.52	-10.51	38.73	6.04	-2.38	-0.40	-2.83	40.50	3.78	-1.82	-0.04	-5.24	44.65
372	4.62	-2.12	0.50	-10.61	38.51	5.96	-2.38	-0.47	-2.90	40.26	3.54	-1.77	-0.14	-5.30	44.56
373	4.13	-2.09	0.49	-10.71	38.29	5.88	-2.38	-0.53	-2.97	40.03	3.28	-1.71	-0.25	-5.36	44.46
374	3.65	-2.05	0.48	-10.80	38.06	5.81	-2.38	-0.59	-3.04	39.81	3.02	-1.64	-0.37	-5.42	44.35
375	3.20	-2.01	0.48	-10.88	37.83	5.75	-2.38	-0.63	-3.12	39.59	2.75	-1.58	-0.48	-5.49	44.23
376	2.76	-1.95	0.48	-10.96	37.60	5.70	-2.37	-0.67	-3.21	39.40	2.48	-1.51	-0.60	-5.55	44.10
377	2.36	-1.89	0.47	-11.03	37.38	5.67	-2.37	-0.70	-3.29	39.23	2.22	-1.45	-0.73	-5.61	43.96
378	1.99	-1.83	0.47	-11.10	37.17	5.64	-2.36	-0.72	-3.38	39.09	1.96	-1.38	-0.85	-5.67	43.81
379	1.66	-1.76	0.48	-11.15	36.98	5.64	-2.36	-0.73	-3.47	38.99	1.70	-1.31	-0.97	-5.72	43.65
380	1.38	-1.68	0.48	-11.20	36.81	5.66	-2.35	-0.73	-3.57	38.94	1.46	-1.25	-1.09	-5.77	43.48
381	1.15	-1.60	0.48	-11.24	36.68	5.70	-2.34	-0.72	-3.66	38.95	1.23	-1.19	-1.20	-5.82	43.30
382	0.97	-1.53	0.49	-11.27	36.59	5.78	-2.33	-0.70	-3.76	39.02	1.02	-1.13	-1.31	-5.87	43.11
383	0.85	-1.45	0.50	-11.30	36.54	5.88	-2.33	-0.67	-3.86	39.17	0.82	-1.07	-1.41	-5.90	42.92
384	0.80	-1.38	0.51	-11.31	36.56	6.03	-2.32	-0.63	-3.96	39.41	0.64	-1.02	-1.51	-5.94	42.71
385	0.81	-1.32	0.52	-11.32	36.64	6.22	-2.31	-0.57	-4.05	39.76	0.49	-0.97	-1.60	-5.97	42.50
386	0.89	-1.26	0.53	-11.32	36.80	6.46	-2.30	-0.51	-4.15	40.22	0.35	-0.92	-1.67	-6.00	42.28
387	1.04	-1.21	0.55	-11.31	37.05	6.76	-2.28	-0.43	-4.23	40.81	0.24	-0.88	-1.74	-6.02	42.05
388	1.27	-1.17	0.57	-11.28	37.40	7.12	-2.26	-0.34	-4.31	41.54	0.15	-0.85	-1.79	-6.04	41.82
389	1.56	-1.13	0.60	-11.25	37.84	7.54	-2.24	-0.24	-4.39	42.41	0.09	-0.82	-1.84	-6.06	41.58
390	1.93	-1.11	0.63	-11.21	38.41	8.03	-2.21	-0.12	-4.45	43.45	0.05	-0.79	-1.87	-6.07	41.33
391	2.37	-1.09	0.66	-11.16	39.09	8.59	-2.17	0.00	-4.50	44.66	0.04	-0.77	-1.88	-6.09	41.07
392	2.88	-1.09	0.70	-11.10	39.90	9.23	-2.12	0.13	-4.53	46.04	0.06	-0.76	-1.88	-6.10	40.81
393	3.45	-1.08	0.73	-11.03	40.85	9.95	-2.05	0.27	-4.55	47.59	0.10	-0.75	-1.87	-6.11	40.55
394	4.09	-1.08	0.77	-10.95	41.93	10.75	-1.98	0.41	-4.54	49.32	0.17	-0.74	-1.84	-6.12	40.30
395	4.78	-1.08	0.81	-10.86	43.14	11.62	-1.89	0.56	-4.51	51.20	0.27	-0.74	-1.80	-6.13	40.05
396	5.53	-1.08	0.85	-10.77	44.48	12.56	-1.78	0.70	-4.45	53.23	0.41	-0.75	-1.74	-6.14	39.82
397	6.32	-1.07	0.89	-10.66	45.93	13.56	-1.66	0.84	-4.37	55.39	0.58	-0.76	-1.67	-6.15	39.61
398	7.15	-1.06	0.93	-10.55	47.49	14.62	-1.53	0.97	-4.25	57.63	0.78	-0.77	-1.58	-6.16	39.44
399	8.00	-1.04	0.96	-10.43	49.12	15.73	-1.39	1.08	-4.09	59.95	1.02	-0.78	-1.48	-6.17	39.32
400	8.86	-1.01	0.98	-10.30	50.81	16.88	-1.25	1.19	-3.91	62.29	1.31	-0.80	-1.37	-6.19	39.25
401	9.72	-0.97	1.00	-10.17	52.51	18.07	-1.11	1.29	-3.68	64.63	1.64	-0.82	-1.24	-6.20	39.26
402	10.56	-0.93	1.01	-10.04	54.22	19.29	-0.97	1.37	-3.41	66.95	2.02	-0.85	-1.11	-6.21	39.36
403	11.38	-0.88	1.02	-9.90	55.88	20.54	-0.84	1.45	-3.11	69.21	2.45	-0.87	-0.96	-6.22	39.56
404	12.16	-0.82	1.01	-9.75	57.48	21.81	-0.73	1.51	-2.76	71.38	2.94	-0.89	-0.81	-6.23	39.89
405	12.89	-0.76	1.01	-9.61	59.00	23.11	-0.63	1.57	-2.38	73.46	3.50	-0.91	-0.65	-6.24	40.35
406	13.58	-0.71	0.99	-9.46	60.41	24.44	-0.56	1.62	-1.95	75.42	4.11	-0.93	-0.49	-6.24	40.97
407	14.21	-0.65	0.98	-9.31	61.71	25.79	-0.51	1.66	-1.49	77.25	4.80	-0.94	-0.32	-6.24	41.75
408	14.78	-0.60	0.96	-9.16	62.90	27.18	-0.49	1.68	-0.98	78.94	5.56	-0.95	-0.16	-6.22	42.71
409	15.31	-0.56	0.93	-9.01	63.98	28.60	-0.49	1.70	-0.45	80.49	6.39	-0.95	0.01	-6.20	43.86
410	15.80	-0.53	0.90	-8.86	64.96	30.04	-0.51	1.70	0.12	81.89	7.29	-0.94	0.16	-6.16	45.20
411	16.27	-0.50	0.87	-8.70	65.87	31.52	-0.56	1.69	0.73	83.15	8.27	-0.92	0.31	-6.11	46.73
412	16.71	-0.48	0.83	-8.54	66.73	33.01	-0.63	1.66	1.35	84.27	9.32	-0.89	0.45	-6.04	48.46
413	17.17	-0.47	0.78	-8.36	67.59	34.52	-0.70	1.61	2.01	85.26	10.44	-0.84	0.57	-5.95	50.37
414						36.03	-0.79	1.55	2.67	86.12	11.62	-0.78	0.68	-5.83	52.45
415						37.53	-0.88	1.47	3.35	86.87	12.85	-0.71	0.77	-5.69	54.68
416						39.02	-0.97	1.37	4.03	87.51	14.13	-0.63	0.83	-5.52	57.03
417						40.47	-1.06	1.25	4.71	88.07	15.44	-0.54	0.87	-5.32	59.46
418						41.88	-1.14	1.11	5.38	88.54	16.78	-0.44	0.89	-5.09	61.95
419						43.23	-1.21	0.96	6.04	88.93	18.14	-0.34	0.89	-4.82	64.46
420						44.51	-1.28	0.80	6.67	89.27	19.52	-0.25	0.87	-4.51	66.97
421						45.71	-1.34	0.62	7.27	89.55	20.90	-0.16	0.83	-4.17	69.45
422						46.83	-1.38	0.44	7.84	89.78	22.29	-0.09	0.77	-3.78	71.86
423						47.85	-1.43	0.26	8.38	89.98	23.68	-0.03	0.70	-3.36	74.19
424						48.77	-1.46	0.09	8.87	90.14	25.08	0.01	0.62	-2.90	76.43
425						49.60	-1.49	-0.08	9.33	90.27	26.49	0.03	0.52	-2.41	78.54
426						50.33	-1.52	-0.23	9.74	90.39	27.91	0.04	0.41	-1.87	80.52
427						50.96	-1.55	-0.38	10.12	90.48	29.34	0.03	0.28	-1.30	82.37
428						51.51	-1.57	-0.51	10.46	90.56	30.78	0.00	0.13	-0.69	84.07
429						51.97	-1.60	-0.62	10.76	90.63	32.24	-0.04	-0.03	-0.05	85.62
430						52.36	-1.62	-0.71	11.04	90.68	33.71	-0.08	-0.21	0.61	87.03
431						52.69	-1.65	-0.79	11.28	90.73	35.19	-0.13	-0.41	1.31	88.29
432						52.95	-1.68	-0.85	11.51	90.77	36.67	-0.18	-0.62	2.02	89.42
433						53.18	-1.71	-0.90	11.71	90.81	38.15	-0.23	-0.85	2.76	90.42
434						53.37	-1.74	-0.93	11.89	90.84	39.62	-0.28	-1.08	3.51	91.29
435						53.53	-1.78	-0.95	12.07	90.87	41.06	-0.33	-1.33	4.27	92.06
436											42.48	-0.37	-1.59	5.03	92.72
437											43.85	-0.42	-1.85	5.79	93.28
438											45.17	-0.47	-2.12	6.54	93.77
439											46.42	-0.52	-2.40	7.28	94.19
440											47.61	-0.58	-2.67	8.00	94.54
441											48.71	-0.66	-2.94	8.70	94.85
442											49.73	-0.74	-3.20	9.37	95.10
443											50.66	-0.85	-3.45	10.02	95.32
444											51.50	-0.97	-3.69	10.63	95.51
445											52.25	-1.11	-3.92	11.21	95.67
446											52.92	-1.27	-4.12	11.75	95.81
447											53.51	-1.44	-4.30	12.26	95.92
448											54.02	-1.63	-4.47	12.74	96.03
449											54.46	-1.83	-4.61	13.18	96.11
450											54.85	-2.03	-4.73	13.58	96.19
451											55.18	-2.25	-4.82	13.96	96.26
452											55.47	-2.46	-4.90	14.30	96.33
453											55.73	-2.68	-4.97	14.61	96.38
454											55.96	-2.90	-5.01	14.89	96.44
455											56.16	-3.13	-5.05	15.16	96.49
456											56.35	-3.37	-5.07	15.41	96.54
457											56.54	-3.62	-5.08	15.65	96.60
458											56.72	-3.89	-5.09	15.89	96.65