	D:\RTS 2.0\Data\Walker, Alex_AW\2026-04-02_\SLVL 2.c3d	D:\RTS 2.0\Data\Walker, Alex_AW\2026-04-02_\SLVL 2.c3d	D:\RTS 2.0\Data\Walker, Alex_AW\2026-04-02_\SLVL 2.c3d	D:\RTS 2.0\Data\Walker, Alex_AW\2026-04-02_\SLVL 3.c3d	D:\RTS 2.0\Data\Walker, Alex_AW\2026-04-02_\SLVL 3.c3d	D:\RTS 2.0\Data\Walker, Alex_AW\2026-04-02_\SLVL 3.c3d	D:\RTS 2.0\Data\Walker, Alex_AW\2026-04-02_\SLVL 4.c3d	D:\RTS 2.0\Data\Walker, Alex_AW\2026-04-02_\SLVL 4.c3d	D:\RTS 2.0\Data\Walker, Alex_AW\2026-04-02_\SLVL 4.c3d
	FP3	FP3	FP3	FP3	FP3	FP3	FP3	FP3	FP3
	FORCE	FORCE	FORCE	FORCE	FORCE	FORCE	FORCE	FORCE	FORCE
	PROCESSED	PROCESSED	PROCESSED	PROCESSED	PROCESSED	PROCESSED	PROCESSED	PROCESSED	PROCESSED
ITEM	X	Y	Z	X	Y	Z	X	Y	Z
1	-19.2	-51.5	563.1	-1.6	-29.7	486.8	-2.2	-37.8	533.7
2	-19.3	-51.3	563.1	-1.6	-29.7	486.8	-2.3	-37.6	533.3
3	-19.4	-51.1	563.1	-1.7	-29.7	486.7	-2.3	-37.5	532.9
4	-19.6	-50.9	563.1	-1.8	-29.8	486.7	-2.4	-37.3	532.6
5	-19.7	-50.8	563.0	-1.8	-29.8	486.7	-2.5	-37.1	532.2
6	-19.8	-50.6	562.9	-1.9	-29.9	486.7	-2.6	-37.0	531.8
7	-19.9	-50.4	562.8	-2.0	-29.9	486.7	-2.7	-36.8	531.4
8	-20.0	-50.2	562.6	-2.1	-30.0	486.7	-2.7	-36.6	531.0
9	-20.1	-50.0	562.3	-2.1	-30.0	486.8	-2.8	-36.4	530.6
10	-20.2	-49.8	562.1	-2.2	-30.1	486.8	-2.9	-36.2	530.1
11	-20.3	-49.7	561.7	-2.3	-30.2	486.9	-2.9	-36.0	529.7
12	-20.4	-49.5	561.3	-2.4	-30.2	487.0	-3.0	-35.8	529.3
13	-20.5	-49.3	560.9	-2.5	-30.3	487.1	-3.1	-35.6	528.8
14	-20.5	-49.1	560.4	-2.6	-30.4	487.3	-3.1	-35.3	528.3
15	-20.6	-48.9	559.9	-2.8	-30.4	487.4	-3.2	-35.1	527.9
16	-20.7	-48.7	559.3	-2.9	-30.5	487.6	-3.2	-34.8	527.4
17	-20.7	-48.5	558.6	-3.0	-30.6	487.8	-3.3	-34.6	526.9
18	-20.8	-48.3	557.9	-3.1	-30.7	488.0	-3.4	-34.3	526.4
19	-20.8	-48.1	557.2	-3.2	-30.8	488.3	-3.4	-34.1	525.9
20	-20.9	-47.9	556.4	-3.4	-30.9	488.5	-3.5	-33.8	525.4
21	-20.9	-47.7	555.5	-3.5	-31.0	488.8	-3.5	-33.5	524.9
22	-20.9	-47.5	554.6	-3.6	-31.0	489.2	-3.6	-33.2	524.3
23	-21.0	-47.3	553.6	-3.8	-31.1	489.6	-3.6	-32.9	523.8
24	-21.0	-47.1	552.6	-3.9	-31.2	490.0	-3.6	-32.6	523.2
25	-21.0	-46.9	551.5	-4.1	-31.3	490.4	-3.7	-32.3	522.7
26	-21.0	-46.7	550.4	-4.2	-31.4	490.9	-3.7	-32.0	522.1
27	-21.0	-46.5	549.2	-4.3	-31.4	491.4	-3.8	-31.7	521.5
28	-20.9	-46.3	548.0	-4.5	-31.5	492.0	-3.8	-31.4	520.9
29	-20.9	-46.1	546.7	-4.6	-31.6	492.6	-3.8	-31.0	520.3
30	-20.9	-45.9	545.4	-4.8	-31.7	493.2	-3.8	-30.7	519.7
31	-20.9	-45.6	544.0	-4.9	-31.7	493.9	-3.9	-30.4	519.0
32	-20.8	-45.4	542.6	-5.1	-31.8	494.6	-3.9	-30.0	518.4
33	-20.8	-45.2	541.2	-5.2	-31.8	495.3	-3.9	-29.7	517.7
34	-20.7	-45.0	539.7	-5.4	-31.8	496.1	-3.9	-29.3	517.1
35	-20.6	-44.8	538.1	-5.5	-31.9	497.0	-3.9	-29.0	516.4
36	-20.6	-44.6	536.5	-5.7	-31.9	497.9	-3.9	-28.6	515.7
37	-20.5	-44.4	534.9	-5.8	-31.9	498.8	-3.9	-28.3	515.0
38	-20.4	-44.2	533.2	-6.0	-31.9	499.8	-3.9	-27.9	514.3
39	-20.3	-44.0	531.6	-6.1	-31.9	500.8	-3.9	-27.6	513.6
40	-20.2	-43.8	529.8	-6.3	-31.9	501.8	-3.9	-27.2	512.9
41	-20.1	-43.5	528.1	-6.4	-31.9	502.9	-3.9	-26.9	512.1
42	-20.0	-43.3	526.3	-6.5	-31.8	504.1	-3.9	-26.5	511.4
43	-19.9	-43.1	524.4	-6.7	-31.8	505.3	-3.9	-26.2	510.6
44	-19.8	-42.9	522.6	-6.8	-31.7	506.5	-3.8	-25.8	509.9
45	-19.6	-42.7	520.7	-6.9	-31.7	507.7	-3.8	-25.5	509.1
46	-19.5	-42.4	518.8	-7.0	-31.6	509.0	-3.8	-25.2	508.3
47	-19.3	-42.2	516.9	-7.2	-31.5	510.3	-3.7	-24.8	507.5
48	-19.2	-42.0	514.9	-7.3	-31.4	511.7	-3.7	-24.5	506.7
49	-19.0	-41.8	513.0	-7.4	-31.3	513.0	-3.7	-24.2	505.9
50	-18.9	-41.5	511.0	-7.5	-31.2	514.4	-3.6	-23.9	505.1
51	-18.7	-41.3	509.0	-7.5	-31.0	515.9	-3.5	-23.6	504.3
52	-18.5	-41.1	507.0	-7.6	-30.9	517.3	-3.5	-23.3	503.5
53	-18.4	-40.9	505.0	-7.7	-30.7	518.8	-3.4	-23.0	502.7
54	-18.2	-40.6	503.0	-7.8	-30.6	520.3	-3.4	-22.7	501.9
55	-18.0	-40.4	500.9	-7.8	-30.4	521.8	-3.3	-22.4	501.2
56	-17.8	-40.1	498.9	-7.9	-30.2	523.3	-3.2	-22.1	500.4
57	-17.6	-39.9	496.9	-7.9	-30.0	524.9	-3.1	-21.9	499.6
58	-17.4	-39.6	494.8	-7.9	-29.8	526.4	-3.0	-21.6	498.8
59	-17.2	-39.4	492.8	-7.9	-29.6	528.0	-3.0	-21.4	498.0
60	-17.0	-39.1	490.7	-8.0	-29.4	529.6	-2.9	-21.1	497.3
61	-16.8	-38.9	488.7	-7.9	-29.2	531.2	-2.8	-20.9	496.5
62	-16.6	-38.6	486.6	-7.9	-29.0	532.7	-2.7	-20.7	495.8
63	-16.3	-38.3	484.6	-7.9	-28.8	534.3	-2.6	-20.5	495.1
64	-16.1	-38.1	482.6	-7.9	-28.6	535.9	-2.5	-20.3	494.4
65	-15.9	-37.8	480.5	-7.8	-28.3	537.5	-2.4	-20.1	493.8
66	-15.6	-37.5	478.5	-7.8	-28.1	539.1	-2.3	-19.9	493.1
67	-15.4	-37.3	476.5	-7.7	-27.9	540.7	-2.2	-19.7	492.5
68	-15.2	-37.0	474.6	-7.7	-27.7	542.2	-2.0	-19.5	491.9
69	-14.9	-36.7	472.6	-7.6	-27.4	543.8	-1.9	-19.4	491.3
70	-14.6	-36.4	470.6	-7.5	-27.2	545.4	-1.8	-19.2	490.8
71	-14.4	-36.1	468.7	-7.4	-27.0	546.9	-1.7	-19.1	490.3
72	-14.1	-35.8	466.8	-7.3	-26.8	548.5	-1.6	-19.0	489.9
73	-13.9	-35.5	464.9	-7.2	-26.5	550.0	-1.5	-18.9	489.4
74	-13.6	-35.2	463.0	-7.0	-26.3	551.6	-1.4	-18.7	489.0
75	-13.3	-34.9	461.1	-6.9	-26.1	553.1	-1.2	-18.6	488.7
76	-13.0	-34.6	459.3	-6.7	-25.9	554.7	-1.1	-18.5	488.4
77	-12.7	-34.3	457.5	-6.6	-25.7	556.2	-1.0	-18.4	488.1
78	-12.4	-34.0	455.7	-6.4	-25.5	557.7	-0.9	-18.4	487.9
79	-12.1	-33.7	454.0	-6.2	-25.3	559.2	-0.8	-18.3	487.7
80	-11.8	-33.4	452.2	-6.1	-25.1	560.8	-0.7	-18.2	487.6
81	-11.5	-33.1	450.5	-5.9	-24.9	562.3	-0.6	-18.2	487.5
82	-11.2	-32.8	448.9	-5.7	-24.8	563.8	-0.5	-18.1	487.5
83	-10.9	-32.5	447.2	-5.5	-24.6	565.3	-0.4	-18.0	487.5
84	-10.6	-32.2	445.6	-5.3	-24.4	566.9	-0.3	-18.0	487.5
85	-10.3	-31.9	444.1	-5.0	-24.3	568.4	-0.2	-18.0	487.7
86	-9.9	-31.6	442.6	-4.8	-24.1	570.0	-0.1	-17.9	487.8
87	-9.6	-31.4	441.1	-4.6	-24.0	571.6	0.0	-17.9	488.1
88	-9.2	-31.1	439.6	-4.4	-23.8	573.1	0.1	-17.9	488.4
89	-8.9	-30.8	438.2	-4.1	-23.7	574.7	0.2	-17.8	488.7
90	-8.5	-30.5	436.8	-3.9	-23.6	576.4	0.3	-17.8	489.1
91	-8.2	-30.2	435.5	-3.6	-23.4	578.0	0.3	-17.8	489.5
92	-7.8	-30.0	434.2	-3.4	-23.3	579.7	0.4	-17.8	490.1
93	-7.4	-29.7	433.0	-3.2	-23.2	581.4	0.5	-17.8	490.6
94	-7.1	-29.4	431.8	-2.9	-23.1	583.1	0.5	-17.7	491.2
95	-6.7	-29.2	430.6	-2.7	-23.0	584.9	0.6	-17.7	491.9
96	-6.3	-28.9	429.5	-2.4	-22.9	586.7	0.6	-17.7	492.6
97	-5.9	-28.7	428.5	-2.2	-22.8	588.5	0.7	-17.7	493.4
98	-5.5	-28.5	427.5	-2.0	-22.7	590.4	0.7	-17.7	494.3
99	-5.1	-28.2	426.5	-1.7	-22.6	592.3	0.7	-17.7	495.2
100	-4.7	-28.0	425.6	-1.5	-22.5	594.3	0.7	-17.7	496.1
101	-4.2	-27.8	424.8	-1.3	-22.5	596.3	0.7	-17.7	497.1
102	-3.8	-27.6	424.0	-1.0	-22.4	598.4	0.7	-17.7	498.2
103	-3.4	-27.4	423.3	-0.8	-22.3	600.5	0.7	-17.7	499.3
104	-2.9	-27.2	422.6	-0.6	-22.2	602.6	0.7	-17.7	500.4
105	-2.5	-27.0	422.0	-0.4	-22.2	604.9	0.7	-17.6	501.6
106	-2.0	-26.9	421.4	-0.2	-22.1	607.2	0.7	-17.6	502.9
107	-1.6	-26.7	420.9	0.0	-22.0	609.5	0.6	-17.6	504.1
108	-1.1	-26.5	420.4	0.2	-22.0	611.9	0.6	-17.6	505.5
109	-0.7	-26.4	420.0	0.4	-21.9	614.3	0.5	-17.6	506.9
110	-0.2	-26.2	419.7	0.6	-21.8	616.9	0.5	-17.5	508.3
111	0.3	-26.1	419.4	0.7	-21.8	619.5	0.4	-17.5	509.7
112	0.8	-25.9	419.2	0.9	-21.7	622.1	0.3	-17.5	511.2
113	1.3	-25.8	419.1	1.1	-21.6	624.8	0.3	-17.4	512.8
114	1.7	-25.7	419.0	1.2	-21.6	627.6	0.2	-17.4	514.4
115	2.2	-25.6	419.0	1.3	-21.5	630.4	0.1	-17.4	516.0
116	2.7	-25.5	419.0	1.4	-21.5	633.3	-0.0	-17.3	517.6
117	3.2	-25.4	419.1	1.6	-21.4	636.3	-0.1	-17.3	519.3
118	3.7	-25.3	419.2	1.7	-21.3	639.3	-0.2	-17.2	521.0
119	4.2	-25.2	419.5	1.7	-21.3	642.4	-0.4	-17.2	522.7
120	4.7	-25.1	419.7	1.8	-21.2	645.6	-0.5	-17.1	524.5
121	5.2	-25.0	420.1	1.9	-21.2	648.8	-0.6	-17.0	526.3
122	5.7	-24.9	420.5	2.0	-21.1	652.1	-0.8	-17.0	528.1
123	6.2	-24.8	421.0	2.0	-21.0	655.4	-0.9	-16.9	530.0
124	6.7	-24.8	421.5	2.0	-21.0	658.8	-1.1	-16.8	531.8
125	7.2	-24.7	422.1	2.0	-20.9	662.3	-1.2	-16.8	533.7
126	7.7	-24.6	422.8	2.1	-20.9	665.8	-1.4	-16.7	535.6
127	8.2	-24.5	423.5	2.0	-20.8	669.4	-1.5	-16.6	537.6
128	8.7	-24.5	424.3	2.0	-20.7	673.0	-1.7	-16.5	539.5
129	9.2	-24.4	425.1	2.0	-20.7	676.7	-1.9	-16.5	541.5
130	9.7	-24.4	426.0	2.0	-20.6	680.4	-2.0	-16.4	543.5
131	10.2	-24.3	427.0	1.9	-20.5	684.2	-2.2	-16.3	545.5
132	10.7	-24.3	428.1	1.8	-20.5	688.0	-2.4	-16.2	547.5
133	11.2	-24.2	429.2	1.7	-20.4	691.8	-2.6	-16.1	549.5
134	11.6	-24.2	430.4	1.7	-20.3	695.7	-2.8	-16.0	551.6
135	12.1	-24.1	431.6	1.5	-20.2	699.7	-3.0	-15.9	553.6
136	12.6	-24.1	432.9	1.4	-20.1	703.6	-3.1	-15.8	555.7
137	13.0	-24.0	434.3	1.3	-20.0	707.6	-3.3	-15.8	557.8
138	13.5	-24.0	435.8	1.1	-19.9	711.6	-3.5	-15.7	559.9
139	13.9	-24.0	437.3	1.0	-19.8	715.7	-3.7	-15.6	562.0
140	14.4	-23.9	438.9	0.8	-19.7	719.7	-3.9	-15.5	564.2
141	14.8	-23.9	440.5	0.6	-19.6	723.8	-4.1	-15.4	566.3
142	15.2	-23.9	442.3	0.4	-19.4	727.9	-4.3	-15.3	568.5
143	15.6	-23.8	444.1	0.2	-19.3	732.0	-4.5	-15.2	570.7
144	16.0	-23.8	446.0	-0.0	-19.1	736.1	-4.7	-15.2	572.9
145	16.4	-23.8	448.0	-0.3	-18.9	740.3	-4.9	-15.1	575.1
146	16.8	-23.7	450.0	-0.5	-18.8	744.4	-5.1	-15.0	577.4
147	17.2	-23.7	452.1	-0.8	-18.6	748.5	-5.3	-14.9	579.6
148	17.6	-23.7	454.3	-1.1	-18.4	752.7	-5.4	-14.9	581.9
149	17.9	-23.7	456.6	-1.4	-18.1	756.8	-5.6	-14.8	584.2
150	18.3	-23.6	459.0	-1.7	-17.9	761.0	-5.8	-14.7	586.5
151	18.6	-23.6	461.4	-2.0	-17.6	765.1	-6.0	-14.6	588.9
152	18.9	-23.6	464.0	-2.3	-17.4	769.2	-6.2	-14.6	591.2
153	19.2	-23.6	466.6	-2.6	-17.1	773.3	-6.3	-14.5	593.6
154	19.5	-23.5	469.3	-2.9	-16.8	777.4	-6.5	-14.5	596.0
155	19.8	-23.5	472.1	-3.3	-16.5	781.5	-6.7	-14.4	598.5
156	20.1	-23.5	475.0	-3.6	-16.1	785.6	-6.9	-14.3	601.0
157	20.4	-23.4	478.0	-4.0	-15.8	789.6	-7.0	-14.3	603.5
158	20.6	-23.4	481.1	-4.4	-15.4	793.7	-7.2	-14.2	606.0
159	20.9	-23.4	484.2	-4.8	-15.0	797.7	-7.4	-14.2	608.5
160	21.1	-23.3	487.5	-5.2	-14.6	801.7	-7.5	-14.1	611.1
161	21.4	-23.3	490.8	-5.5	-14.2	805.6	-7.7	-14.1	613.7
162	21.6	-23.2	494.3	-5.9	-13.7	809.6	-7.8	-14.0	616.4
163	21.8	-23.2	497.8	-6.4	-13.3	813.5	-8.0	-14.0	619.1
164	22.0	-23.1	501.4	-6.8	-12.8	817.4	-8.2	-13.9	621.8
165	22.1	-23.0	505.1	-7.2	-12.3	821.3	-8.3	-13.8	624.5
166	22.3	-22.9	508.9	-7.6	-11.8	825.1	-8.5	-13.8	627.3
167	22.5	-22.9	512.8	-8.0	-11.2	828.9	-8.6	-13.7	630.1
168	22.6	-22.8	516.8	-8.5	-10.7	832.7	-8.8	-13.6	632.9
169	22.8	-22.7	520.9	-8.9	-10.1	836.5	-8.9	-13.6	635.8
170	22.9	-22.5	525.0	-9.4	-9.5	840.2	-9.0	-13.5	638.7
171	23.0	-22.4	529.3	-9.8	-8.9	843.9	-9.2	-13.4	641.7
172	23.1	-22.3	533.6	-10.3	-8.2	847.5	-9.3	-13.3	644.7
173	23.2	-22.1	538.0	-10.7	-7.6	851.1	-9.5	-13.3	647.7
174	23.3	-21.9	542.5	-11.2	-6.9	854.7	-9.6	-13.2	650.7
175	23.4	-21.7	547.0	-11.6	-6.3	858.3	-9.7	-13.1	653.8
176	23.5	-21.5	551.7	-12.1	-5.6	861.8	-9.9	-13.0	656.9
177	23.5	-21.3	556.4	-12.6	-4.9	865.3	-10.0	-12.9	660.0
178	23.6	-21.1	561.2	-13.0	-4.2	868.8	-10.2	-12.7	663.2
179	23.6	-20.8	566.0	-13.5	-3.4	872.2	-10.3	-12.6	666.4
180	23.7	-20.6	570.9	-14.0	-2.7	875.6	-10.4	-12.5	669.7
181	23.7	-20.3	575.9	-14.4	-2.0	879.0	-10.5	-12.4	672.9
182	23.7	-20.0	580.9	-14.9	-1.2	882.3	-10.7	-12.2	676.2
183	23.8	-19.7	586.0	-15.4	-0.4	885.6	-10.8	-12.1	679.5
184	23.8	-19.4	591.2	-15.8	0.3	888.9	-10.9	-11.9	682.8
185	23.8	-19.0	596.4	-16.3	1.1	892.1	-11.1	-11.8	686.2
186	23.8	-18.6	601.6	-16.8	1.9	895.3	-11.2	-11.6	689.6
187	23.7	-18.2	606.9	-17.2	2.7	898.5	-11.3	-11.4	693.0
188	23.7	-17.8	612.3	-17.7	3.5	901.6	-11.4	-11.2	696.4
189	23.7	-17.4	617.6	-18.2	4.3	904.7	-11.6	-11.0	699.8
190	23.7	-17.0	623.0	-18.6	5.1	907.8	-11.7	-10.8	703.3
191	23.6	-16.5	628.5	-19.1	5.9	910.8	-11.8	-10.6	706.8
192	23.6	-16.1	634.0	-19.5	6.7	913.8	-11.9	-10.4	710.2
193	23.5	-15.6	639.4	-20.0	7.5	916.8	-12.1	-10.1	713.7
194	23.4	-15.1	645.0	-20.4	8.3	919.8	-12.2	-9.9	717.2
195	23.4	-14.6	650.5	-20.8	9.1	922.7	-12.3	-9.6	720.7
196	23.3	-14.1	656.0	-21.2	9.8	925.6	-12.4	-9.4	724.1
197	23.2	-13.5	661.6	-21.7	10.6	928.4	-12.5	-9.1	727.6
198	23.1	-13.0	667.1	-22.1	11.4	931.2	-12.7	-8.8	731.1
199	23.0	-12.4	672.7	-22.5	12.2	934.0	-12.8	-8.5	734.6
200	22.9	-11.8	678.3	-22.9	13.0	936.8	-12.9	-8.2	738.0
201	22.8	-11.3	683.9	-23.3	13.7	939.5	-13.0	-7.9	741.5
202	22.7	-10.7	689.4	-23.6	14.5	942.2	-13.2	-7.6	744.9
203	22.6	-10.1	695.0	-24.0	15.2	944.9	-13.3	-7.3	748.3
204	22.4	-9.4	700.5	-24.3	15.9	947.5	-13.4	-6.9	751.7
205	22.3	-8.8	706.0	-24.7	16.7	950.1	-13.5	-6.6	755.1
206	22.1	-8.2	711.6	-25.0	17.4	952.7	-13.7	-6.2	758.5
207	21.9	-7.6	717.1	-25.3	18.1	955.3	-13.8	-5.9	761.8
208	21.8	-6.9	722.5	-25.6	18.8	957.8	-13.9	-5.5	765.1
209	21.6	-6.3	728.0	-25.9	19.5	960.3	-14.0	-5.1	768.4
210	21.4	-5.6	733.4	-26.2	20.1	962.7	-14.2	-4.7	771.6
211	21.2	-5.0	738.8	-26.4	20.8	965.1	-14.3	-4.3	774.8
212	20.9	-4.3	744.2	-26.7	21.4	967.6	-14.4	-3.9	778.0
213	20.7	-3.7	749.5	-26.9	22.1	969.9	-14.6	-3.5	781.1
214	20.5	-3.0	754.8	-27.1	22.7	972.3	-14.7	-3.1	784.2
215	20.2	-2.3	760.0	-27.3	23.3	974.6	-14.8	-2.7	787.3
216	20.0	-1.6	765.2	-27.5	23.9	976.9	-15.0	-2.3	790.3
217	19.7	-1.0	770.4	-27.7	24.5	979.2	-15.1	-1.8	793.2
218	19.4	-0.3	775.5	-27.8	25.0	981.5	-15.2	-1.4	796.2
219	19.1	0.4	780.6	-28.0	25.6	983.7	-15.4	-0.9	799.1
220	18.8	1.1	785.6	-28.1	26.1	985.9	-15.5	-0.5	801.9
221	18.5	1.8	790.6	-28.2	26.6	988.1	-15.6	-0.0	804.7
222	18.2	2.5	795.5	-28.3	27.1	990.3	-15.8	0.4	807.4
223	17.9	3.2	800.4	-28.4	27.6	992.5	-15.9	0.9	810.1
224	17.5	3.9	805.2	-28.4	28.1	994.6	-16.0	1.3	812.8
225	17.2	4.6	810.0	-28.5	28.6	996.8	-16.1	1.8	815.4
226	16.8	5.3	814.7	-28.5	29.0	998.9	-16.3	2.3	817.9
227	16.5	6.0	819.4	-28.6	29.5	1001.0	-16.4	2.7	820.4
228	16.1	6.7	824.0	-28.6	29.9	1003.1	-16.5	3.2	822.9
229	15.8	7.4	828.5	-28.6	30.4	1005.2	-16.6	3.7	825.3
230	15.4	8.1	833.0	-28.5	30.8	1007.3	-16.8	4.2	827.6
231	15.0	8.8	837.4	-28.5	31.2	1009.4	-16.9	4.6	830.0
232	14.6	9.5	841.7	-28.5	31.6	1011.5	-17.0	5.1	832.2
233	14.2	10.2	846.0	-28.4	32.0	1013.6	-17.1	5.6	834.4
234	13.8	10.9	850.3	-28.3	32.3	1015.7	-17.2	6.1	836.6
235	13.4	11.6	854.4	-28.3	32.7	1017.7	-17.3	6.5	838.7
236	13.0	12.3	858.6	-28.2	33.1	1019.8	-17.4	7.0	840.8
237	12.6	13.0	862.6	-28.1	33.4	1021.9	-17.5	7.5	842.9
238	12.2	13.7	866.6	-27.9	33.8	1023.9	-17.5	7.9	844.9
239	11.8	14.4	870.5	-27.8	34.1	1026.0	-17.6	8.4	846.8
240	11.4	15.1	874.4	-27.7	34.5	1028.1	-17.7	8.9	848.8
241	11.0	15.8	878.2	-27.6	34.8	1030.2	-17.7	9.4	850.6
242	10.5	16.5	882.0	-27.4	35.2	1032.2	-17.8	9.8	852.5
243	10.1	17.2	885.7	-27.2	35.5	1034.3	-17.8	10.3	854.3
244	9.7	17.8	889.4	-27.1	35.8	1036.4	-17.9	10.8	856.1
245	9.3	18.5	893.0	-26.9	36.2	1038.4	-17.9	11.2	857.8
246	8.9	19.2	896.5	-26.7	36.5	1040.5	-17.9	11.7	859.6
247	8.5	19.9	900.0	-26.5	36.9	1042.5	-17.9	12.1	861.2
248	8.0	20.5	903.4	-26.3	37.2	1044.6	-17.9	12.6	862.9
249	7.6	21.2	906.8	-26.1	37.5	1046.6	-17.9	13.0	864.5
250	7.2	21.8	910.2	-25.8	37.9	1048.7	-17.9	13.5	866.2
251	6.8	22.5	913.5	-25.6	38.2	1050.7	-17.9	13.9	867.7
252	6.4	23.1	916.7	-25.3	38.6	1052.7	-17.9	14.4	869.3
253	6.0	23.8	920.0	-25.1	38.9	1054.7	-17.8	14.8	870.9
254	5.6	24.4	923.1	-24.8	39.3	1056.7	-17.8	15.3	872.4
255	5.2	25.0	926.3	-24.5	39.6	1058.7	-17.7	15.7	873.9
256	4.8	25.6	929.4	-24.2	40.0	1060.6	-17.6	16.1	875.4
257	4.4	26.2	932.4	-23.9	40.4	1062.6	-17.6	16.6	876.9
258	4.0	26.9	935.5	-23.6	40.7	1064.5	-17.5	17.0	878.4
259	3.6	27.5	938.5	-23.3	41.1	1066.4	-17.4	17.4	879.8
260	3.2	28.1	941.4	-23.0	41.5	1068.2	-17.2	17.9	881.3
261	2.8	28.7	944.4	-22.6	41.8	1070.0	-17.1	18.3	882.7
262	2.4	29.2	947.3	-22.3	42.2	1071.8	-17.0	18.7	884.2
263	2.0	29.8	950.1	-21.9	42.6	1073.6	-16.9	19.2	885.6
264	1.6	30.4	953.0	-21.6	43.0	1075.3	-16.7	19.6	887.0
265	1.3	31.0	955.8	-21.2	43.4	1077.0	-16.5	20.0	888.4
266	0.9	31.6	958.6	-20.8	43.8	1078.7	-16.4	20.4	889.8
267	0.5	32.1	961.3	-20.4	44.2	1080.3	-16.2	20.9	891.2
268	0.2	32.7	964.1	-20.0	44.6	1081.8	-16.0	21.3	892.6
269	-0.2	33.3	966.8	-19.5	45.0	1083.3	-15.8	21.7	894.0
270	-0.5	33.8	969.5	-19.1	45.5	1084.8	-15.6	22.1	895.4
271	-0.9	34.4	972.2	-18.6	45.9	1086.2	-15.4	22.5	896.8
272	-1.2	35.0	974.8	-18.2	46.3	1087.6	-15.2	23.0	898.2
273	-1.5	35.5	977.4	-17.7	46.8	1088.9	-14.9	23.4	899.6
274	-1.9	36.1	980.0	-17.2	47.2	1090.1	-14.7	23.8	901.0
275	-2.2	36.6	982.6	-16.7	47.6	1091.3	-14.4	24.2	902.4
276	-2.5	37.2	985.1	-16.2	48.1	1092.5	-14.2	24.6	903.7
277	-2.8	37.7	987.7	-15.7	48.6	1093.6	-13.9	25.1	905.1
278	-3.1	38.3	990.2	-15.1	49.0	1094.6	-13.6	25.5	906.5
279	-3.4	38.8	992.7	-14.6	49.5	1095.5	-13.3	25.9	907.8
280	-3.7	39.4	995.1	-14.0	50.0	1096.4	-13.0	26.3	909.2
281	-4.0	39.9	997.5	-13.5	50.5	1097.3	-12.7	26.7	910.5
282	-4.2	40.5	1000.0	-12.9	51.0	1098.1	-12.4	27.1	911.9
283	-4.5	41.0	1002.3	-12.3	51.5	1098.8	-12.1	27.6	913.2
284	-4.8	41.6	1004.7	-11.7	52.0	1099.5	-11.7	28.0	914.6
285	-5.0	42.1	1007.0	-11.1	52.6	1100.1	-11.4	28.4	915.9
286	-5.2	42.6	1009.3	-10.5	53.1	1100.6	-11.0	28.8	917.2
287	-5.5	43.2	1011.6	-9.9	53.7	1101.1	-10.7	29.2	918.5
288	-5.7	43.7	1013.9	-9.2	54.2	1101.5	-10.3	29.6	919.8
289	-5.9	44.2	1016.1	-8.6	54.8	1101.9	-9.9	30.0	921.1
290	-6.1	44.8	1018.3	-7.9	55.4	1102.2	-9.5	30.4	922.4
291	-6.2	45.3	1020.4	-7.3	56.0	1102.5	-9.1	30.8	923.7
292	-6.4	45.8	1022.6	-6.6	56.6	1102.7	-8.7	31.2	925.0
293	-6.6	46.3	1024.7	-6.0	57.2	1102.8	-8.3	31.6	926.2
294	-6.7	46.9	1026.7	-5.3	57.9	1102.9	-7.9	32.0	927.5
295	-6.8	47.4	1028.7	-4.6	58.5	1102.9	-7.5	32.4	928.7
296	-6.9	47.9	1030.7	-4.0	59.2	1102.9	-7.1	32.8	929.9
297	-7.0	48.4	1032.7	-3.3	59.9	1102.9	-6.6	33.2	931.1
298	-7.1	48.9	1034.6	-2.6	60.6	1102.8	-6.2	33.6	932.3
299	-7.2	49.4	1036.5	-1.9	61.3	1102.7	-5.7	34.0	933.5
300	-7.3	49.9	1038.3	-1.2	62.0	1102.5	-5.3	34.3	934.7
301	-7.3	50.3	1040.1	-0.5	62.8	1102.3	-4.8	34.7	935.8
302	-7.3	50.8	1041.9	0.2	63.5	1102.0	-4.4	35.1	937.0
303	-7.3	51.3	1043.6	0.8	64.3	1101.7	-3.9	35.5	938.1
304	-7.4	51.7	1045.3	1.5	65.1	1101.4	-3.4	35.9	939.3
305	-7.3	52.2	1046.9	2.2	65.9	1101.1	-2.9	36.3	940.4
306	-7.3	52.6	1048.5	2.9	66.7	1100.7	-2.5	36.7	941.5
307	-7.3	53.0	1050.0	3.6	67.6	1100.3	-2.0	37.1	942.5
308	-7.2	53.4	1051.5	4.2	68.4	1099.9	-1.5	37.5	943.6
309	-7.2	53.8	1053.0	4.9	69.3	1099.4	-1.0	37.9	944.7
310	-7.1	54.2	1054.4	5.5	70.2	1099.0	-0.5	38.3	945.7
311	-7.0	54.6	1055.8	6.2	71.1	1098.5	-0.0	38.7	946.7
312	-6.9	55.0	1057.1	6.8	72.1	1098.1	0.5	39.2	947.8
313	-6.7	55.3	1058.4	7.5	73.0	1097.6	0.9	39.6	948.8
314	-6.6	55.7	1059.6	8.1	74.0	1097.1	1.4	40.0	949.8
315	-6.5	56.0	1060.8	8.7	75.0	1096.6	1.9	40.4	950.7
316	-6.3	56.4	1062.0	9.3	76.0	1096.1	2.4	40.9	951.7
317	-6.1	56.7	1063.1	9.9	77.1	1095.6	2.9	41.3	952.7
318	-5.9	57.0	1064.2	10.5	78.1	1095.2	3.4	41.8	953.6
319	-5.8	57.3	1065.2	11.0	79.2	1094.7	3.9	42.2	954.5
320	-5.6	57.6	1066.2	11.6	80.3	1094.2	4.4	42.7	955.5
321	-5.3	57.9	1067.2	12.1	81.4	1093.8	4.9	43.2	956.4
322	-5.1	58.1	1068.1	12.6	82.6	1093.3	5.4	43.7	957.3
323	-4.9	58.4	1069.0	13.1	83.7	1092.9	5.8	44.2	958.1
324	-4.6	58.6	1069.8	13.6	84.9	1092.5	6.3	44.6	959.0
325	-4.4	58.9	1070.6	14.1	86.1	1092.1	6.8	45.2	959.9
326	-4.1	59.1	1071.4	14.5	87.3	1091.8	7.3	45.7	960.7
327	-3.8	59.4	1072.2	15.0	88.6	1091.4	7.7	46.2	961.6
328	-3.6	59.6	1072.9	15.4	89.8	1091.1	8.2	46.7	962.4
329	-3.3	59.8	1073.7	15.8	91.1	1090.8	8.7	47.3	963.2
330	-3.0	60.0	1074.4	16.1	92.4	1090.6	9.1	47.8	964.0
331	-2.7	60.2	1075.0	16.5	93.7	1090.3	9.6	48.4	964.8
332	-2.4	60.4	1075.7	16.8	95.0	1090.1	10.0	49.0	965.6
333	-2.1	60.6	1076.3	17.1	96.4	1089.9	10.5	49.5	966.4
334	-1.8	60.9	1077.0	17.4	97.8	1089.8	10.9	50.1	967.2
335	-1.5	61.1	1077.6	17.7	99.2	1089.6	11.4	50.7	968.0
336	-1.2	61.3	1078.2	17.9	100.6	1089.5	11.8	51.4	968.7
337	-0.9	61.5	1078.9	18.2	102.0	1089.4	12.2	52.0	969.5
338	-0.6	61.7	1079.5	18.4	103.4	1089.3	12.6	52.6	970.2
339	-0.2	61.9	1080.1	18.6	104.9	1089.3	13.1	53.3	971.0
340	0.1	62.1	1080.8	18.7	106.4	1089.3	13.5	53.9	971.7
341	0.4	62.4	1081.4	18.9	107.9	1089.2	13.9	54.6	972.4
342	0.7	62.6	1082.1	19.0	109.4	1089.2	14.3	55.3	973.1
343	1.0	62.9	1082.7	19.1	110.9	1089.3	14.7	56.0	973.9
344	1.3	63.1	1083.4	19.2	112.4	1089.3	15.1	56.7	974.6
345	1.6	63.4	1084.1	19.2	113.9	1089.3	15.5	57.4	975.3
346	1.9	63.7	1084.8	19.3	115.5	1089.4	15.9	58.1	976.0
347	2.2	64.0	1085.6	19.3	117.0	1089.4	16.3	58.9	976.7
348	2.4	64.3	1086.4	19.3	118.6	1089.5	16.6	59.6	977.4
349	2.7	64.6	1087.2	19.3	120.2	1089.6	17.0	60.4	978.1
350	3.0	65.0	1088.0	19.3	121.8	1089.6	17.4	61.1	978.8
351	3.2	65.3	1088.9	19.2	123.3	1089.7	17.7	61.9	979.5
352	3.5	65.7	1089.8	19.2	124.9	1089.7	18.1	62.7	980.2
353	3.7	66.1	1090.7	19.1	126.5	1089.8	18.5	63.5	980.9
354	3.9	66.6	1091.7	19.0	128.1	1089.8	18.8	64.4	981.6
355	4.1	67.0	1092.7	18.9	129.7	1089.8	19.1	65.2	982.3
356	4.3	67.5	1093.8	18.7	131.3	1089.9	19.5	66.1	983.0
357	4.5	68.0	1094.9	18.6	132.9	1089.8	19.8	66.9	983.7
358	4.7	68.5	1096.0	18.4	134.4	1089.8	20.1	67.8	984.4
359	4.8	69.1	1097.2	18.3	136.0	1089.8	20.4	68.7	985.1
360	5.0	69.6	1098.4	18.1	137.6	1089.7	20.7	69.6	985.8
361	5.1	70.2	1099.7	17.9	139.1	1089.6	21.0	70.5	986.6
362	5.2	70.9	1100.9	17.6	140.7	1089.4	21.3	71.4	987.3
363	5.4	71.5	1102.3	17.4	142.2	1089.3	21.6	72.3	988.0
364	5.5	72.2	1103.7	17.2	143.7	1089.1	21.9	73.3	988.8
365	5.5	72.9	1105.1	16.9	145.2	1088.8	22.1	74.2	989.5
366	5.6	73.6	1106.5	16.6	146.7	1088.6	22.4	75.2	990.3
367	5.7	74.4	1108.0	16.4	148.2	1088.3	22.6	76.2	991.1
368	5.7	75.1	1109.5	16.1	149.7	1087.9	22.9	77.1	991.9
369	5.7	75.9	1111.1	15.8	151.1	1087.5	23.1	78.1	992.6
370	5.8	76.7	1112.7	15.5	152.5	1087.1	23.3	79.1	993.5
371	5.8	77.6	1114.3	15.1	154.0	1086.6	23.5	80.2	994.3
372	5.8	78.4	1115.9	14.8	155.3	1086.1	23.7	81.2	995.1
373	5.7	79.3	1117.6	14.5	156.7	1085.5	23.9	82.2	995.9
374	5.7	80.2	1119.2	14.1	158.1	1084.9	24.1	83.3	996.8
375	5.7	81.1	1121.0	13.8	159.4	1084.3	24.3	84.3	997.6
376	5.6	82.1	1122.7	13.4	160.7	1083.6	24.5	85.4	998.5
377	5.5	83.0	1124.4	13.0	161.9	1082.8	24.6	86.4	999.4
378	5.5	84.0	1126.2	12.6	163.2	1082.0	24.7	87.5	1000.2
379	5.4	85.0	1127.9	12.2	164.4	1081.2	24.9	88.6	1001.2
380	5.3	86.0	1129.7	11.8	165.6	1080.3	25.0	89.7	1002.1
381	5.2	87.0	1131.4	11.4	166.8	1079.4	25.1	90.8	1003.0
382	5.0	88.0	1133.2	11.0	167.9	1078.4	25.2	91.9	1003.9
383	4.9	89.0	1135.0	10.6	169.1	1077.3	25.2	93.0	1004.9
384	4.8	90.0	1136.7	10.2	170.2	1076.2	25.3	94.1	1005.8
385	4.6	91.1	1138.5	9.7	171.2	1075.1	25.4	95.3	1006.8
386	4.5	92.1	1140.2	9.3	172.3	1073.9	25.4	96.4	1007.8
387	4.3	93.1	1142.0	8.8	173.3	1072.7	25.4	97.5	1008.8
388	4.1	94.2	1143.7	8.4	174.3	1071.4	25.4	98.7	1009.8
389	3.9	95.2	1145.4	7.9	175.2	1070.1	25.4	99.8	1010.8
390	3.8	96.3	1147.1	7.5	176.2	1068.8	25.4	101.0	1011.8
391	3.6	97.3	1148.7	7.0	177.1	1067.3	25.4	102.1	1012.9
392	3.4	98.3	1150.3	6.6	177.9	1065.9	25.3	103.3	1013.9
393	3.1	99.4	1151.9	6.1	178.8	1064.4	25.2	104.4	1015.0
394	2.9	100.4	1153.5	5.6	179.6	1062.9	25.2	105.6	1016.1
395	2.7	101.4	1155.0	5.1	180.4	1061.3	25.1	106.7	1017.1
396	2.5	102.4	1156.5	4.7	181.1	1059.7	25.0	107.9	1018.2
397	2.2	103.4	1158.0	4.2	181.9	1058.0	24.8	109.0	1019.3
398	2.0	104.4	1159.4	3.7	182.6	1056.3	24.7	110.2	1020.4
399	1.7	105.4	1160.8	3.2	183.3	1054.6	24.5	111.3	1021.5
400	1.5	106.4	1162.1	2.8	183.9	1052.8	24.4	112.5	1022.6
401	1.2	107.3	1163.3	2.3	184.5	1051.0	24.2	113.6	1023.7
402	1.0	108.3	1164.6	1.8	185.1	1049.1	24.0	114.8	1024.9
403	0.7	109.2	1165.7	1.3	185.7	1047.2	23.8	115.9	1026.0
404	0.5	110.1	1166.8	0.8	186.2	1045.3	23.5	117.0	1027.1
405	0.2	111.0	1167.9	0.4	186.7	1043.3	23.3	118.1	1028.3
406	-0.1	111.9	1168.9	-0.1	187.2	1041.3	23.0	119.3	1029.4
407	-0.4	112.8	1169.8	-0.6	187.7	1039.3	22.8	120.4	1030.5
408	-0.7	113.6	1170.7	-1.0	188.1	1037.3	22.5	121.4	1031.6
409	-0.9	114.5	1171.5	-1.5	188.5	1035.2	22.2	122.5	1032.8
410	-1.2	115.3	1172.3	-2.0	188.8	1033.0	21.9	123.6	1033.9
411	-1.5	116.1	1173.0	-2.4	189.1	1030.9	21.5	124.6	1035.0
412	-1.8	116.8	1173.6	-2.9	189.4	1028.7	21.2	125.7	1036.1
413	-2.1	117.6	1174.2	-3.3	189.7	1026.5	20.8	126.7	1037.2
414	-2.4	118.3	1174.6	-3.8	189.9	1024.2	20.5	127.7	1038.3
415	-2.7	119.0	1175.1	-4.2	190.1	1022.0	20.1	128.7	1039.4
416	-3.0	119.7	1175.4	-4.7	190.3	1019.7	19.7	129.7	1040.5
417	-3.3	120.4	1175.7	-5.1	190.4	1017.3	19.3	130.6	1041.6
418	-3.6	121.1	1176.0	-5.5	190.5	1015.0	18.9	131.6	1042.7
419	-3.9	121.7	1176.1	-6.0	190.5	1012.6	18.4	132.5	1043.7
420	-4.2	122.4	1176.2	-6.4	190.5	1010.2	18.0	133.4	1044.7
421	-4.5	123.0	1176.2	-6.8	190.5	1007.8	17.6	134.2	1045.7
422	-4.8	123.6	1176.2	-7.2	190.4	1005.3	17.1	135.1	1046.7
423	-5.1	124.1	1176.1	-7.6	190.3	1002.9	16.6	135.9	1047.7
424	-5.4	124.7	1175.9	-8.0	190.2	1000.4	16.2	136.7	1048.6
425	-5.7	125.2	1175.7	-8.4	190.0	997.9	15.7	137.5	1049.6
426	-6.0	125.7	1175.3	-8.7	189.8	995.4	15.2	138.2	1050.5
427	-6.3	126.2	1175.0	-9.1	189.5	992.9	14.7	138.9	1051.3
428	-6.6	126.7	1174.5	-9.5	189.2	990.3	14.2	139.6	1052.2
429	-6.9	127.2	1174.0	-9.8	188.8	987.8	13.7	140.2	1053.0
430	-7.2	127.7	1173.5	-10.2	188.4	985.2	13.2	140.8	1053.8
431	-7.5	128.1	1172.9	-10.5	188.0	982.6	12.7	141.4	1054.6
432	-7.8	128.5	1172.2	-10.8	187.5	980.1	12.2	141.9	1055.3
433	-8.1	128.9	1171.4	-11.1	187.0	977.5	11.7	142.4	1056.0
434	-8.4	129.3	1170.6	-11.4	186.4	974.9	11.1	142.9	1056.6
435	-8.7	129.7	1169.8	-11.7	185.8	972.3	10.6	143.3	1057.2
436	-9.0	130.1	1168.9	-12.0	185.2	969.7	10.1	143.7	1057.8
437	-9.3	130.5	1167.9	-12.3	184.5	967.2	9.6	144.1	1058.4
438	-9.6	130.8	1166.9	-12.6	183.7	964.6	9.1	144.4	1058.9
439	-9.8	131.2	1165.9	-12.9	183.0	962.0	8.6	144.7	1059.3
440	-10.1	131.5	1164.7	-13.1	182.1	959.5	8.1	144.9	1059.7
441	-10.4	131.8	1163.6	-13.4	181.3	957.0	7.6	145.1	1060.1
442	-10.7	132.1	1162.4	-13.6	180.4	954.5	7.1	145.3	1060.4
443	-11.0	132.4	1161.1	-13.8	179.4	952.0	6.6	145.4	1060.7
444	-11.2	132.7	1159.8	-14.1	178.4	949.5	6.1	145.5	1061.0
445	-11.5	133.0	1158.5	-14.3	177.4	947.1	5.7	145.5	1061.2
446	-11.8	133.3	1157.1	-14.5	176.3	944.6	5.2	145.5	1061.3
447	-12.1	133.5	1155.7	-14.7	175.2	942.2	4.8	145.4	1061.4
448	-12.3	133.8	1154.2	-14.9	174.1	939.9	4.3	145.3	1061.5
449	-12.6	134.0	1152.8	-15.0	172.9	937.6	3.9	145.2	1061.5
450	-12.9	134.3	1151.2	-15.2	171.7	935.3	3.5	145.0	1061.5
451	-13.1	134.5	1149.7	-15.4	170.4	933.0	3.1	144.7	1061.4
452	-13.4	134.7	1148.1	-15.5	169.1	930.8	2.7	144.4	1061.3
453	-13.6	134.9	1146.5	-15.6	167.7	928.7	2.3	144.1	1061.2
454	-13.9	135.1	1144.8	-15.8	166.4	926.5	2.0	143.8	1061.0
455	-14.1	135.3	1143.2	-15.9	164.9	924.5	1.6	143.4	1060.7
456	-14.4	135.5	1141.5	-16.0	163.5	922.5	1.3	142.9	1060.5
457	-14.6	135.7	1139.7	-16.1	162.0	920.5	0.9	142.4	1060.2
458	-14.9	135.9	1138.0	-16.1	160.5	918.6	0.6	141.9	1059.8
459	-15.1	136.0	1136.2	-16.2	158.9	916.7	0.3	141.3	1059.5
460	-15.3	136.2	1134.4	-16.2	157.3	915.0	0.1	140.7	1059.0
461	-15.6	136.3	1132.6	-16.3	155.7	913.2	-0.2	140.1	1058.6
462	-15.8	136.5	1130.8	-16.3	154.0	911.6	-0.5	139.4	1058.1
463	-16.0	136.6	1129.0	-16.3	152.3	910.0	-0.7	138.7	1057.7
464	-16.3	136.7	1127.1	-16.3	150.6	908.5	-0.9	138.0	1057.1
465	-16.5	136.8	1125.2	-16.3	148.8	907.0	-1.1	137.2	1056.6
466	-16.7	136.9	1123.4	-16.3	147.0	905.6	-1.3	136.4	1056.0
467	-16.9	137.0	1121.5	-16.2	145.2	904.3	-1.5	135.6	1055.4
468	-17.1	137.1	1119.5	-16.2	143.3	903.1	-1.7	134.7	1054.8
469	-17.3	137.1	1117.6	-16.1	141.4	902.0	-1.8	133.8	1054.2
470	-17.5	137.2	1115.7	-16.0	139.5	900.9	-2.0	132.9	1053.6
471	-17.7	137.2	1113.7	-15.9	137.5	900.0	-2.1	132.0	1052.9
472	-17.9	137.2	1111.8	-15.8	135.6	899.1	-2.2	131.1	1052.3
473	-18.0	137.2	1109.8	-15.7	133.6	898.3	-2.3	130.1	1051.6
474	-18.2	137.2	1107.9	-15.6	131.5	897.6	-2.4	129.1	1050.9
475	-18.4	137.2	1105.9	-15.4	129.4	897.0	-2.4	128.1	1050.3
476	-18.5	137.1	1103.9	-15.2	127.3	896.5	-2.5	127.1	1049.6
477	-18.7	137.1	1102.0	-15.0	125.2	896.1	-2.5	126.0	1048.9
478	-18.8	137.0	1100.0	-14.8	123.1	895.9	-2.5	125.0	1048.2
479	-19.0	136.9	1098.0	-14.6	120.9	895.7	-2.5	123.9	1047.5
480	-19.1	136.8	1096.0	-14.4	118.7	895.6	-2.5	122.9	1046.8
481	-19.2	136.6	1094.0	-14.1	116.4	895.6	-2.5	121.8	1046.2
482	-19.4	136.5	1092.1	-13.9	114.2	895.8	-2.5	120.7	1045.5
483	-19.5	136.3	1090.1	-13.6	111.9	896.0	-2.4	119.7	1044.8
484	-19.6	136.1	1088.1	-13.3	109.6	896.4	-2.4	118.6	1044.1
485	-19.7	135.9	1086.2	-13.0	107.2	896.9	-2.3	117.5	1043.5
486	-19.8	135.7	1084.2	-12.7	104.9	897.5	-2.2	116.4	1042.8
487	-19.8	135.4	1082.3	-12.3	102.5	898.2	-2.1	115.3	1042.2
488	-19.9	135.1	1080.3	-12.0	100.1	899.1	-2.0	114.2	1041.5
489	-20.0	134.8	1078.4	-11.6	97.6	900.1	-1.8	113.1	1040.9
490	-20.1	134.5	1076.5	-11.2	95.2	901.2	-1.7	112.1	1040.3
491	-20.1	134.1	1074.6	-10.8	92.7	902.4	-1.5	111.0	1039.7
492	-20.2	133.8	1072.7	-10.4	90.2	903.8	-1.4	109.9	1039.1
493	-20.2	133.4	1070.8	-10.0	87.7	905.3	-1.2	108.8	1038.5
494	-20.2	132.9	1068.9	-9.5	85.1	906.9	-1.0	107.8	1037.9
495	-20.2	132.5	1067.1	-9.1	82.5	908.6	-0.8	106.7	1037.4
496	-20.2	132.0	1065.3	-8.6	80.0	910.5	-0.6	105.6	1036.8
497	-20.3	131.5	1063.5	-8.2	77.3	912.6	-0.4	104.6	1036.3
498	-20.2	131.0	1061.8	-7.7	74.7	914.7	-0.2	103.6	1035.8
499	-20.2	130.4	1060.0	-7.2	72.1	917.0	0.1	102.5	1035.2
500	-20.2	129.8	1058.3	-6.6	69.4	919.5	0.3	101.5	1034.7
501	-20.2	129.2	1056.7	-6.1	66.7	922.1	0.6	100.5	1034.2
502	-20.1	128.6	1055.0	-5.6	64.0	924.8	0.8	99.5	1033.8
503	-20.1	127.9	1053.4	-5.0	61.3	927.6	1.1	98.4	1033.3
504	-20.0	127.2	1051.9	-4.5	58.5	930.6	1.3	97.5	1032.9
505	-20.0	126.4	1050.4	-3.9	55.8	933.8	1.6	96.5	1032.4
506	-19.9	125.7	1048.9	-3.3	53.0	937.1	1.9	95.5	1032.0
507	-19.8	124.9	1047.5	-2.8	50.2	940.5	2.2	94.5	1031.6
508	-19.7	124.1	1046.1	-2.2	47.4	944.0	2.5	93.5	1031.2
509	-19.6	123.2	1044.7	-1.6	44.6	947.7	2.8	92.6	1030.8
510	-19.5	122.3	1043.4	-1.0	41.8	951.6	3.1	91.6	1030.5
511	-19.4	121.4	1042.2	-0.4	38.9	955.6	3.4	90.7	1030.1
512	-19.2	120.4	1041.0	0.2	36.1	959.7	3.7	89.8	1029.8
513	-19.1	119.4	1039.9	0.9	33.2	963.9	4.0	88.8	1029.4
514	-19.0	118.4	1038.8	1.5	30.3	968.3	4.3	87.9	1029.1
515	-18.8	117.3	1037.8	2.1	27.4	972.9	4.6	87.0	1028.8
516	-18.6	116.2	1036.8	2.7	24.5	977.5	4.9	86.1	1028.6
517	-18.4	115.1	1035.9	3.3	21.6	982.3	5.2	85.2	1028.3
518	-18.3	113.9	1035.0	4.0	18.7	987.3	5.5	84.3	1028.1
519	-18.1	112.7	1034.2	4.6	15.8	992.3	5.8	83.5	1027.9
520	-17.8	111.5	1033.5	5.2	12.8	997.5	6.1	82.6	1027.6
521	-17.6	110.2	1032.9	5.8	9.9	1002.8	6.4	81.7	1027.5
522	-17.4	108.9	1032.3	6.5	6.9	1008.3	6.7	80.8	1027.3
523	-17.1	107.6	1031.7	7.1	4.0	1013.9	6.9	80.0	1027.1
524	-16.9	106.2	1031.3	7.7	1.0	1019.6	7.2	79.1	1027.0
525	-16.6	104.8	1030.9	8.3	-1.9	1025.4	7.5	78.3	1026.9
526	-16.3	103.3	1030.5	8.9	-4.9	1031.4	7.8	77.4	1026.8
527	-16.0	101.8	1030.3	9.5	-7.9	1037.4	8.1	76.6	1026.8
528	-15.7	100.3	1030.1	10.1	-10.8	1043.6	8.3	75.7	1026.7
529	-15.4	98.7	1029.9	10.7	-13.8	1049.9	8.6	74.9	1026.7
530	-15.1	97.1	1029.9	11.3	-16.8	1056.3	8.9	74.0	1026.7
531	-14.8	95.5	1029.9	11.8	-19.7	1062.8	9.1	73.2	1026.7
532	-14.4	93.8	1030.0	12.4	-22.7	1069.5	9.3	72.3	1026.8
533	-14.0	92.1	1030.1	13.0	-25.7	1076.2	9.6	71.5	1026.9
534	-13.7	90.3	1030.4	13.5	-28.6	1083.0	9.8	70.6	1027.0
535	-13.3	88.6	1030.7	14.0	-31.6	1090.0	10.0	69.7	1027.1
536	-12.9	86.7	1031.1	14.5	-34.5	1097.0	10.2	68.9	1027.3
537	-12.4	84.9	1031.5	15.0	-37.4	1104.2	10.4	68.0	1027.5
538	-12.0	83.0	1032.0	15.5	-40.4	1111.4	10.6	67.1	1027.7
539	-11.5	81.1	1032.6	16.0	-43.3	1118.7	10.8	66.2	1028.0
540	-11.1	79.1	1033.3	16.4	-46.2	1126.1	11.0	65.4	1028.3
541	-10.6	77.1	1034.0	16.9	-49.1	1133.6	11.2	64.4	1028.6
542	-10.1	75.1	1034.9	17.3	-52.0	1141.2	11.4	63.5	1029.0
543	-9.6	73.0	1035.8	17.7	-54.9	1148.8	11.5	62.6	1029.4
544	-9.0	70.9	1036.7	18.1	-57.8	1156.5	11.7	61.7	1029.8
545	-8.5	68.8	1037.8	18.4	-60.6	1164.3	11.8	60.7	1030.3
546	-7.9	66.6	1038.9	18.8	-63.5	1172.2	11.9	59.8	1030.8
547	-7.4	64.4	1040.1	19.1	-66.3	1180.1	12.0	58.8	1031.3
548	-6.8	62.2	1041.4	19.4	-69.2	1188.1	12.1	57.8	1031.9
549	-6.2	59.9	1042.7	19.7	-72.0	1196.2	12.3	56.8	1032.6
550	-5.6	57.7	1044.1	20.0	-74.7	1204.3	12.3	55.8	1033.2
551	-4.9	55.3	1045.6	20.2	-77.5	1212.5	12.4	54.8	1034.0
552	-4.3	53.0	1047.2	20.4	-80.3	1220.7	12.5	53.7	1034.7
553	-3.6	50.6	1048.8	20.6	-83.0	1228.9	12.6	52.6	1035.6
554	-2.9	48.2	1050.5	20.8	-85.7	1237.2	12.7	51.6	1036.4
555	-2.2	45.8	1052.3	20.9	-88.4	1245.6	12.7	50.4	1037.4
556	-1.5	43.4	1054.2	21.0	-91.1	1254.0	12.8	49.3	1038.3
557	-0.8	40.9	1056.1	21.1	-93.8	1262.4	12.8	48.2	1039.4
558	-0.1	38.4	1058.1	21.2	-96.4	1270.8	12.9	47.0	1040.4
559	0.7	35.9	1060.2	21.2	-99.0	1279.3	12.9	45.8	1041.6
560	1.4	33.4	1062.4	21.2	-101.6	1287.8	13.0	44.6	1042.8
561	2.2	30.8	1064.6	21.2	-104.2	1296.3	13.0	43.3	1044.1
562	3.0	28.2	1066.9	21.2	-106.7	1304.8	13.0	42.1	1045.4
563	3.8	25.6	1069.3	21.1	-109.3	1313.4	13.1	40.8	1046.8
564	4.6	23.0	1071.8	21.0	-111.8	1321.9	13.1	39.4	1048.2
565	5.4	20.4	1074.3	20.9	-114.3	1330.5	13.1	38.1	1049.8
566	6.2	17.8	1076.9	20.7	-116.7	1339.1	13.2	36.7	1051.4
567	7.1	15.1	1079.6	20.5	-119.2	1347.6	13.2	35.3	1053.0
568	7.9	12.4	1082.4	20.3	-121.6	1356.2	13.2	33.9	1054.8
569	8.8	9.8	1085.2	20.1	-124.0	1364.7	13.2	32.5	1056.6
570	9.6	7.1	1088.1	19.8	-126.3	1373.2	13.3	31.0	1058.5
571	10.5	4.4	1091.1	19.5	-128.7	1381.7	13.3	29.5	1060.4
572	11.4	1.7	1094.2	19.2	-131.0	1390.2	13.3	27.9	1062.5
573	12.2	-1.0	1097.4	18.8	-133.3	1398.7	13.4	26.4	1064.6
574	13.1	-3.7	1100.6	18.4	-135.5	1407.2	13.4	24.8	1066.8
575	14.0	-6.5	1103.9	18.0	-137.8	1415.6	13.5	23.2	1069.1
576	14.9	-9.2	1107.3	17.5	-140.0	1424.0	13.5	21.5	1071.5
577	15.8	-11.9	1110.8	17.1	-142.2	1432.3	13.6	19.9	1073.9
578	16.7	-14.6	1114.3	16.5	-144.4	1440.6	13.7	18.2	1076.5
579	17.6	-17.3	1118.0	16.0	-146.5	1448.9	13.7	16.4	1079.1
580	18.5	-20.0	1121.7	15.4	-148.7	1457.1	13.8	14.7	1081.8
581	19.4	-22.7	1125.5	14.8	-150.8	1465.2	13.9	12.9	1084.7
582	20.3	-25.4	1129.3	14.1	-152.9	1473.3	14.0	11.1	1087.6
583	21.2	-28.1	1133.3	13.5	-154.9	1481.3	14.1	9.3	1090.6
584	22.2	-30.8	1137.3	12.8	-157.0	1489.3	14.2	7.4	1093.6
585	23.1	-33.5	1141.4	12.0	-159.0	1497.2	14.3	5.5	1096.8
586	24.0	-36.2	1145.6	11.2	-161.0	1505.0	14.4	3.6	1100.1
587	24.9	-38.8	1149.9	10.4	-163.0	1512.8	14.5	1.7	1103.4
588	25.8	-41.5	1154.2	9.6	-165.0	1520.4	14.7	-0.3	1106.9
589	26.7	-44.1	1158.6	8.7	-166.9	1528.0	14.8	-2.3	1110.4
590	27.6	-46.7	1163.2	7.8	-168.8	1535.5	15.0	-4.3	1114.1
591	28.5	-49.3	1167.7	6.9	-170.8	1542.9	15.1	-6.3	1117.8
592	29.4	-51.9	1172.4	5.9	-172.7	1550.2	15.3	-8.4	1121.6
593	30.3	-54.5	1177.1	4.9	-174.5	1557.4	15.5	-10.4	1125.5
594	31.2	-57.0	1182.0	3.9	-176.4	1564.5	15.7	-12.5	1129.5
595	32.1	-59.5	1186.8	2.9	-178.3	1571.4	15.8	-14.6	1133.6
596	33.0	-62.1	1191.8	1.8	-180.1	1578.3	16.0	-16.8	1137.8
597	33.9	-64.5	1196.9	0.7	-181.9	1585.0	16.3	-18.9	1142.1
598	34.7	-67.0	1202.0	-0.5	-183.7	1591.6	16.5	-21.1	1146.5
599	35.6	-69.5	1207.1	-1.7	-185.5	1598.1	16.7	-23.3	1150.9
600	36.4	-71.9	1212.4	-2.9	-187.3	1604.5	16.9	-25.5	1155.5
601	37.3	-74.3	1217.7	-4.1	-189.0	1610.7	17.2	-27.7	1160.1
602	38.1	-76.7	1223.1	-5.3	-190.8	1616.7	17.4	-30.0	1164.8
603	39.0	-79.1	1228.5	-6.6	-192.5	1622.7	17.7	-32.2	1169.6
604	39.8	-81.4	1234.1	-7.9	-194.2	1628.4	17.9	-34.5	1174.5
605	40.6	-83.7	1239.6	-9.2	-195.9	1634.0	18.2	-36.8	1179.4
606	41.4	-86.0	1245.3	-10.6	-197.6	1639.5	18.4	-39.1	1184.4
607	42.2	-88.3	1250.9	-11.9	-199.3	1644.7	18.7	-41.4	1189.5
608	43.0	-90.6	1256.7	-13.3	-201.0	1649.8	19.0	-43.7	1194.7
609	43.7	-92.8	1262.5	-14.7	-202.6	1654.8	19.3	-46.0	1200.0
610	44.5	-95.0	1268.3	-16.2	-204.2	1659.5	19.6	-48.4	1205.3
611	45.2	-97.2	1274.2	-17.6	-205.8	1664.1	19.9	-50.7	1210.7
612	45.9	-99.4	1280.1	-19.1	-207.4	1668.4	20.1	-53.1	1216.2
613	46.6	-101.5	1286.1	-20.5	-209.0	1672.6	20.4	-55.4	1221.7
614	47.3	-103.7	1292.1	-22.0	-210.6	1676.6	20.7	-57.8	1227.3
615	47.9	-105.8	1298.2	-23.5	-212.1	1680.3	21.0	-60.2	1232.9
616	48.6	-107.9	1304.2	-25.0	-213.6	1683.9	21.4	-62.6	1238.6
617	49.2	-109.9	1310.3	-26.5	-215.2	1687.2	21.7	-65.0	1244.4
618	49.8	-112.0	1316.5	-28.1	-216.6	1690.4	22.0	-67.4	1250.2
619	50.4	-114.1	1322.6	-29.6	-218.1	1693.3	22.3	-69.8	1256.1
620	50.9	-116.1	1328.8	-31.1	-219.5	1695.9	22.6	-72.2	1262.0
621	51.5	-118.1	1335.0	-32.6	-220.9	1698.3	22.9	-74.7	1268.0
622	52.0	-120.1	1341.2	-34.2	-222.3	1700.5	23.2	-77.1	1274.0
623	52.4	-122.1	1347.3	-35.7	-223.7	1702.5	23.5	-79.5	1280.1
624	52.9	-124.0	1353.5	-37.2	-225.0	1704.2	23.8	-82.0	1286.2
625	53.3	-126.0	1359.7	-38.8	-226.3	1705.6	24.1	-84.4	1292.3
626	53.7	-128.0	1365.9	-40.3	-227.6	1706.8	24.4	-86.9	1298.5
627	54.0	-129.9	1372.1	-41.8	-228.9	1707.7	24.7	-89.3	1304.7
628	54.4	-131.8	1378.3	-43.3	-230.1	1708.3	25.0	-91.7	1311.0
629	54.7	-133.7	1384.4	-44.8	-231.2	1708.7	25.3	-94.2	1317.2
630	54.9	-135.7	1390.6	-46.3	-232.4	1708.8	25.6	-96.6	1323.5
631	55.2	-137.6	1396.7	-47.7	-233.5	1708.6	25.9	-99.1	1329.9
632	55.3	-139.4	1402.7	-49.2	-234.5	1708.1	26.2	-101.5	1336.2
633	55.5	-141.3	1408.8	-50.6	-235.5	1707.3	26.5	-104.0	1342.6
634	55.6	-143.2	1414.8	-52.0	-236.5	1706.2	26.7	-106.4	1348.9
635	55.7	-145.1	1420.7	-53.4	-237.4	1704.8	27.0	-108.9	1355.3
636	55.8	-147.0	1426.6	-54.7	-238.3	1703.1	27.2	-111.3	1361.7
637	55.8	-148.8	1432.4	-56.1	-239.1	1701.0	27.5	-113.7	1368.2
638	55.7	-150.7	1438.2	-57.4	-239.9	1698.7	27.7	-116.2	1374.6
639	55.7	-152.6	1444.0	-58.7	-240.6	1696.0	28.0	-118.6	1381.0
640	55.6	-154.4	1449.6	-59.9	-241.3	1692.9	28.2	-121.0	1387.4
641	55.4	-156.3	1455.2	-61.2	-241.9	1689.6	28.4	-123.5	1393.9
642	55.2	-158.1	1460.7	-62.4	-242.5	1685.8	28.6	-125.9	1400.3
643	55.0	-160.0	1466.1	-63.5	-243.0	1681.8	28.8	-128.3	1406.7
644	54.7	-161.8	1471.5	-64.7	-243.4	1677.3	29.0	-130.7	1413.2
645	54.4	-163.6	1476.7	-65.8	-243.7	1672.5	29.1	-133.1	1419.6
646	54.1	-165.5	1481.9	-66.8	-244.0	1667.4	29.3	-135.5	1426.0
647	53.7	-167.3	1486.9	-67.8	-244.3	1661.8	29.4	-137.9	1432.4
648	53.2	-169.1	1491.8	-68.8	-244.4	1655.9	29.5	-140.3	1438.7
649	52.8	-170.9	1496.7	-69.8	-244.5	1649.6	29.6	-142.6	1445.1
650	52.2	-172.7	1501.4	-70.7	-244.5	1642.9	29.7	-145.0	1451.4
651	51.7	-174.5	1506.0	-71.5	-244.4	1635.8	29.8	-147.4	1457.7
652	51.1	-176.3	1510.4	-72.4	-244.3	1628.2	29.8	-149.7	1464.0
653	50.4	-178.1	1514.7	-73.1	-244.0	1620.3	29.8	-152.1	1470.3
654	49.8	-179.9	1518.9	-73.9	-243.7	1612.0	29.8	-154.4	1476.5
655	49.0	-181.6	1523.0	-74.6	-243.3	1603.2	29.8	-156.7	1482.7
656	48.3	-183.4	1526.8	-75.2	-242.8	1594.1	29.8	-159.0	1488.8
657	47.5	-185.1	1530.6	-75.8	-242.3	1584.5	29.7	-161.3	1494.9
658	46.6	-186.8	1534.1	-76.4	-241.6	1574.4	29.6	-163.6	1501.0
659	45.8	-188.5	1537.5	-76.9	-240.8	1564.0	29.5	-165.9	1507.0
660	44.9	-190.2	1540.7	-77.3	-240.0	1553.0	29.4	-168.2	1513.0
661	43.9	-191.9	1543.8	-77.7	-239.1	1541.7	29.2	-170.4	1518.9
662	42.9	-193.5	1546.6	-78.1	-238.0	1529.9	29.0	-172.7	1524.7
663	41.9	-195.1	1549.2	-78.4	-236.9	1517.6	28.8	-174.9	1530.5
664	40.9	-196.7	1551.7	-78.7	-235.7	1504.9	28.6	-177.2	1536.2
665	39.8	-198.3	1553.9	-78.9	-234.4	1491.8	28.3	-179.4	1541.8
666	38.6	-199.8	1555.9	-79.1	-232.9	1478.2	28.0	-181.6	1547.4
667	37.5	-201.3	1557.7	-79.2	-231.4	1464.1	27.6	-183.7	1552.9
668	36.3	-202.7	1559.3	-79.3	-229.8	1449.6	27.3	-185.9	1558.3
669	35.1	-204.1	1560.6	-79.4	-228.1	1434.6	26.9	-188.1	1563.6
670	33.8	-205.5	1561.7	-79.4	-226.3	1419.2	26.5	-190.2	1568.8
671	32.6	-206.9	1562.5	-79.3	-224.4	1403.3	26.0	-192.3	1573.9
672	31.3	-208.1	1563.1	-79.2	-222.3	1387.0	25.6	-194.4	1578.9
673	30.0	-209.4	1563.4	-79.0	-220.2	1370.2	25.1	-196.5	1583.8
674	28.6	-210.6	1563.4	-78.8	-218.0	1353.0	24.5	-198.6	1588.6
675	27.2	-211.7	1563.2	-78.6	-215.7	1335.3	24.0	-200.6	1593.3
676	25.8	-212.8	1562.7	-78.3	-213.3	1317.2	23.4	-202.7	1597.8
677	24.4	-213.8	1561.8	-78.0	-210.8	1298.7	22.8	-204.7	1602.2
678	23.0	-214.7	1560.7	-77.6	-208.2	1279.8	22.1	-206.7	1606.5
679	21.5	-215.6	1559.2	-77.2	-205.5	1260.4	21.4	-208.7	1610.7
680	20.0	-216.4	1557.4	-76.7	-202.7	1240.7	20.7	-210.6	1614.7
681	18.5	-217.1	1555.3	-76.2	-199.8	1220.5	20.0	-212.5	1618.5
682	17.0	-217.8	1552.9	-75.7	-196.8	1200.0	19.2	-214.4	1622.2
683	15.5	-218.4	1550.1	-75.1	-193.7	1179.0	18.4	-216.3	1625.7
684	13.9	-218.9	1546.9	-74.4	-190.5	1157.8	17.6	-218.1	1629.1
685	12.4	-219.3	1543.4	-73.8	-187.3	1136.1	16.8	-219.9	1632.2
686	10.8	-219.6	1539.5	-73.1	-183.9	1114.2	15.9	-221.7	1635.2
687	9.2	-219.8	1535.3	-72.3	-180.5	1091.9	15.1	-223.5	1638.0
688	7.6	-220.0	1530.7	-71.5	-177.0	1069.3	14.2	-225.2	1640.6
689	6.0	-220.0	1525.6	-70.7	-173.5	1046.5	13.2	-226.9	1643.0
690	4.4	-219.9	1520.2	-69.8	-169.8	1023.3	12.3	-228.5	1645.2
691	2.8	-219.8	1514.4	-68.9	-166.1	1000.0	11.3	-230.1	1647.2
692	1.1	-219.5	1508.1	-68.0	-162.4	976.4	10.3	-231.7	1649.0
693	-0.5	-219.2	1501.4	-67.0	-158.6	952.6	9.3	-233.3	1650.5
694	-2.1	-218.7	1494.3	-66.0	-154.7	928.6	8.3	-234.7	1651.8
695	-3.7	-218.1	1486.8	-65.0	-150.8	904.5	7.3	-236.2	1652.8
696	-5.4	-217.4	1478.8	-63.9	-146.8	880.2	6.2	-237.6	1653.6
697	-7.0	-216.6	1470.4	-62.8	-142.8	855.9	5.1	-238.9	1654.1
698	-8.6	-215.7	1461.6	-61.6	-138.8	831.4	4.1	-240.3	1654.4
699	-10.3	-214.6	1452.2	-60.5	-134.7	807.0	3.0	-241.5	1654.4
700	-11.9	-213.5	1442.4	-59.3	-130.6	782.4	1.9	-242.7	1654.1
701	-13.5	-212.2	1432.2	-58.1	-126.5	757.9	0.8	-243.9	1653.5
702	-15.1	-210.8	1421.5	-56.8	-122.4	733.5	-0.4	-244.9	1652.7
703	-16.7	-209.3	1410.3	-55.5	-118.3	709.1	-1.5	-246.0	1651.5
704	-18.3	-207.6	1398.6	-54.2	-114.2	684.7	-2.6	-246.9	1650.0
705	-19.8	-205.9	1386.5	-52.9	-110.1	660.5	-3.8	-247.8	1648.2
706	-21.4	-204.0	1373.9	-51.6	-106.0	636.5	-5.0	-248.7	1646.0
707	-22.9	-202.0	1360.8	-50.2	-102.0	612.6	-6.1	-249.4	1643.6
708	-24.5	-199.8	1347.2	-48.8	-98.0	588.9	-7.3	-250.1	1640.7
709	-26.0	-197.6	1333.2	-47.5	-94.0	565.5	-8.4	-250.7	1637.6
710	-27.5	-195.2	1318.7	-46.1	-90.0	542.4	-9.6	-251.3	1634.1
711	-28.9	-192.7	1303.7	-44.6	-86.1	519.5	-10.8	-251.8	1630.2
712	-30.4	-190.1	1288.2	-43.2	-82.2	496.9	-11.9	-252.1	1625.9
713	-31.8	-187.4	1272.3	-41.8	-78.4	474.7	-13.1	-252.4	1621.3
714	-33.2	-184.6	1256.0	-40.4	-74.7	452.9	-14.3	-252.7	1616.2
715	-34.5	-181.6	1239.1	-39.0	-71.0	431.4	-15.4	-252.8	1610.8
716	-35.8	-178.6	1221.8	-37.5	-67.4	410.4	-16.6	-252.8	1605.0
717	-37.1	-175.4	1204.1	-36.1	-63.9	389.8	-17.8	-252.8	1598.7
718	-38.4	-172.2	1186.0	-34.7	-60.4	369.6	-18.9	-252.6	1592.1
719	-39.6	-168.8	1167.4	-33.3	-57.1	349.9	-20.1	-252.4	1585.0
720	-40.8	-165.4	1148.4	-31.9	-53.8	330.7	-21.2	-252.0	1577.5
721	-41.9	-161.8	1129.1	-30.5	-50.6	312.0	-22.3	-251.6	1569.5
722	-43.0	-158.2	1109.3	-29.2	-47.5	293.8	-23.4	-251.0	1561.2
723	-44.1	-154.5	1089.2	-27.8	-44.5	276.2	-24.5	-250.4	1552.3
724	-45.1	-150.7	1068.7	-26.5	-41.6	259.0	-25.6	-249.6	1543.0
725	-46.0	-146.9	1047.9	-25.2	-38.8	242.4	-26.7	-248.8	1533.3
726	-46.9	-142.9	1026.7	-24.0	-36.1	226.4	-27.8	-247.8	1523.1
727	-47.8	-139.0	1005.3	-22.7	-33.5	210.9	-28.9	-246.7	1512.4
728	-48.6	-134.9	983.6	-21.5	-31.0	195.9	-29.9	-245.5	1501.3
729	-49.3	-130.8	961.6	-20.4	-28.6	181.5	-30.9	-244.2	1489.6
730	-49.9	-126.7	939.3	-19.2	-26.3	167.7	-32.0	-242.8	1477.5
731	-50.5	-122.6	916.8	-18.1	-24.1	154.4	-32.9	-241.2	1465.0
732	-51.1	-118.4	894.2	-17.0	-22.0	141.6	-33.9	-239.6	1451.9
733	-51.6	-114.2	871.3	-15.9	-19.9	129.4	-34.9	-237.8	1438.4
734	-52.0	-110.0	848.3	-14.9	-18.0	117.7	-35.8	-235.9	1424.4
735	-52.3	-105.7	825.2	-13.9	-16.1	106.5	-36.7	-233.9	1409.9
736	-52.5	-101.5	802.0	-13.0	-14.4	95.8	-37.6	-231.7	1394.9
737	-52.7	-97.3	778.7	-12.1	-12.7	85.7	-38.5	-229.5	1379.4
738	-52.9	-93.1	755.4	-11.2	-11.1	76.0	-39.3	-227.1	1363.5
739	-52.9	-89.0	732.0	-10.3	-9.6	66.8	-40.2	-224.6	1347.0
740	-52.9	-84.9	708.7	-9.5	-8.2	58.1	-41.0	-222.0	1330.1
741	-52.8	-80.8	685.4	-8.7	-6.9	49.9	-41.7	-219.3	1312.8
742	-52.6	-76.8	662.1	-8.0	-5.6	42.1	-42.5	-216.5	1295.0
743	-52.3	-72.8	639.0	-7.3	-4.4	34.8	-43.2	-213.5	1276.7
744	-52.0	-68.9	616.0	-6.6	-3.3	27.9	-43.9	-210.4	1258.0
745	-51.6	-65.1	593.1	-5.9	-2.2	21.4	-44.5	-207.2	1238.8
746	-51.1	-61.3	570.4	-5.3	-1.3	15.4	-45.1	-203.9	1219.2
747	-50.6	-57.7	547.9	-4.7	-0.4	9.7	-45.7	-200.5	1199.2
748	-50.0	-54.1	525.7	-4.1	0.5	4.4	-46.2	-197.0	1178.8
749	-49.3	-50.6	503.7	-3.6	1.3	-0.6	-46.8	-193.4	1158.0
750	-48.6	-47.2	482.1	-3.1	2.0	-5.2	-47.2	-189.7	1136.8
751	-47.8	-43.9	460.7	-2.6	2.7	-9.4	-47.7	-185.9	1115.2
752	-46.9	-40.7	439.7	-2.2	3.3	-13.3	-48.1	-182.0	1093.3
753	-46.0	-37.7	419.0	-1.7	3.8	-16.9	-48.4	-178.1	1071.1
754	-45.1	-34.7	398.7	-1.3	4.4	-20.2	-48.7	-174.0	1048.5
755	-44.1	-31.8	378.9	-1.0	4.8	-23.2	-49.0	-169.9	1025.7
756	-43.1	-29.1	359.4	-0.6	5.2	-26.0	-49.2	-165.7	1002.6
757	-42.0	-26.5	340.4	-0.3	5.6	-28.5	-49.4	-161.4	979.2
758	-40.9	-24.0	321.9	0.0	5.9	-30.7	-49.6	-157.1	955.6
759	-39.8	-21.6	303.9	0.3	6.2	-32.7	-49.6	-152.7	931.7
760	-38.6	-19.3	286.3	0.6	6.5	-34.4	-49.7	-148.3	907.8
761	-37.4	-17.1	269.2	0.8	6.7	-36.0	-49.7	-143.8	883.6
762	-36.3	-15.1	252.7	1.0	6.9	-37.3	-49.6	-139.3	859.3
763	-35.1	-13.1	236.6	1.2	7.1	-38.5	-49.5	-134.8	834.9
764	-33.9	-11.2	221.1	1.4	7.2	-39.4	-49.3	-130.2	810.5
765	-32.7	-9.5	206.1	1.6	7.3	-40.2	-49.1	-125.7	786.0
766	-31.4	-7.8	191.6	1.7	7.4	-40.9	-48.9	-121.1	761.5
767	-30.2	-6.3	177.7	1.9	7.4	-41.3	-48.6	-116.6	737.0
768	-29.0	-4.8	164.2	2.0	7.4	-41.7	-48.2	-112.0	712.5
769	-27.9	-3.5	151.4	2.1	7.4	-41.9	-47.8	-107.5	688.1
770	-26.7	-2.2	139.0	2.2	7.4	-41.9	-47.3	-103.1	663.8
771	-25.5	-1.0	127.1	2.3	7.4	-41.9	-46.8	-98.6	639.7
772	-24.4	0.1	115.8	2.4	7.3	-41.8	-46.2	-94.2	615.7
773	-23.2	1.2	104.9	2.4	7.3	-41.5	-45.6	-89.9	591.9
774	-22.1	2.1	94.6	2.5	7.2	-41.2	-44.9	-85.6	568.4
775	-21.0	3.0	84.7	2.5	7.1	-40.7	-44.2	-81.4	545.1
776	-20.0	3.8	75.3	2.5	7.0	-40.3	-43.4	-77.2	522.1
777	-18.9	4.5	66.4	2.6	6.9	-39.7	-42.6	-73.1	499.4
778	-17.9	5.2	57.9	2.6	6.7	-39.0	-41.8	-69.2	477.1
779	-16.9	5.8	49.9	2.6	6.6	-38.4	-40.9	-65.3	455.1
780	-15.9	6.4	42.4	2.6	6.5	-37.6	-40.0	-61.5	433.5
781	-15.0	6.9	35.2	2.6	6.3	-36.8	-39.0	-57.8	412.3
782	-14.1	7.3	28.5	2.5	6.2	-36.0	-38.0	-54.2	391.5
783	-13.2	7.7	22.2	2.5	6.0	-35.1	-37.0	-50.7	371.3
784	-12.4	8.1	16.3	2.5	5.8	-34.2	-36.0	-47.4	351.4
785	-11.5	8.4	10.7	2.5	5.7	-33.3	-34.9	-44.1	332.1
786	-10.7	8.7	5.5	2.4	5.5	-32.4	-33.9	-41.0	313.3
787	-10.0	8.9	0.7	2.4	5.3	-31.4	-32.8	-37.9	295.0
788	-9.2	9.0	-3.8	2.4	5.1	-30.4	-31.7	-35.0	277.2
789	-8.5	9.2	-8.0	2.3	5.0	-29.5	-30.6	-32.2	260.0
790	-7.8	9.3	-11.8	2.3	4.8	-28.5	-29.5	-29.6	243.3
791	-7.2	9.4	-15.3	2.2	4.6	-27.5	-28.4	-27.0	227.1
792	-6.5	9.4	-18.6	2.2	4.4	-26.5	-27.3	-24.5	211.5
793	-5.9	9.4	-21.5	2.1	4.3	-25.5	-26.2	-22.2	196.5
794	-5.3	9.4	-24.2	2.0	4.1	-24.5	-25.2	-20.0	182.0
795	-4.8	9.4	-26.7	2.0	3.9	-23.5	-24.1	-17.8	168.1
796	-4.3	9.3	-28.9	1.9	3.7	-22.5	-23.0	-15.8	154.7
797	-3.8	9.3	-30.8	1.9	3.6	-21.5	-22.0	-13.9	141.8
798	-3.3	9.2	-32.6	1.8	3.4	-20.6	-21.0	-12.0	129.5
799	-2.9	9.1	-34.1	1.7	3.2	-19.6	-20.0	-10.3	117.8
800	-2.4	8.9	-35.4	1.7	3.1	-18.7	-19.0	-8.7	106.5
801	-2.1	8.8	-36.6	1.6	2.9	-17.8	-18.0	-7.2	95.8
802	-1.7	8.6	-37.6	1.6	2.8	-16.9	-17.1	-5.7	85.6
803	-1.3	8.5	-38.4	1.5	2.6	-16.0	-16.1	-4.4	75.9
804	-1.0	8.3	-39.0	1.4	2.5	-15.2	-15.2	-3.1	66.7
805	-0.7	8.1	-39.5	1.4	2.3	-14.4	-14.4	-1.9	58.0
806	-0.4	7.9	-39.9	1.3	2.2	-13.5	-13.5	-0.8	49.7
807	-0.1	7.7	-40.1	1.3	2.1	-12.8	-12.7	0.3	41.9
808	0.1	7.5	-40.2	1.2	1.9	-12.0	-11.9	1.2	34.6
809	0.4	7.3	-40.2	1.2	1.8	-11.3	-11.1	2.1	27.6
810	0.6	7.1	-40.1	1.1	1.7	-10.5	-10.4	2.9	21.1
811	0.8	6.8	-39.9	1.0	1.6	-9.8	-9.6	3.7	15.0
812	1.0	6.6	-39.6	1.0	1.5	-9.2	-8.9	4.4	9.3
813	1.1	6.4	-39.2	0.9	1.3	-8.5	-8.3	5.0	4.0
814	1.3	6.2	-38.7	0.9	1.2	-7.9	-7.6	5.6	-1.0
815	1.4	6.0	-38.2	0.8	1.1	-7.3	-7.0	6.1	-5.6
816	1.5	5.7	-37.6	0.8	1.0	-6.7	-6.4	6.5	-9.8
817	1.6	5.5	-37.0	0.7	1.0	-6.2	-5.8	7.0	-13.7
818	1.7	5.3	-36.3	0.7	0.9	-5.6	-5.3	7.3	-17.4
819	1.8	5.1	-35.5	0.6	0.8	-5.1	-4.8	7.6	-20.7
820	1.9	4.8	-34.7	0.6	0.7	-4.6	-4.3	7.9	-23.7
821	2.0	4.6	-33.9	0.6	0.6	-4.2	-3.8	8.2	-26.4
822	2.0	4.4	-33.1	0.5	0.6	-3.7	-3.4	8.4	-28.9
823	2.1	4.2	-32.2	0.5	0.5	-3.3	-3.0	8.5	-31.1
824	2.1	4.0	-31.3	0.4	0.4	-2.9	-2.5	8.6	-33.1
825	2.1	3.8	-30.4	0.4	0.4	-2.5	-2.2	8.7	-34.9
826	2.2	3.6	-29.4	0.4	0.3	-2.2	-1.8	8.8	-36.4
827	2.2	3.4	-28.5	0.3	0.2	-1.8	-1.5	8.8	-37.8
828	2.2	3.2	-27.5	0.3	0.2	-1.5	-1.2	8.9	-38.9
829	2.2	3.0	-26.6	0.3	0.1	-1.2	-0.9	8.8	-39.8
830	2.2	2.9	-25.6	0.3	0.1	-0.9	-0.6	8.8	-40.6
831	2.2	2.7	-24.7	0.2	0.1	-0.7	-0.3	8.8	-41.3
832	2.2	2.5	-23.7	0.2	0.0	-0.4	-0.1	8.7	-41.7
833	2.1	2.4	-22.8	0.2	-0.0	-0.2	0.1	8.6	-42.1
834	2.1	2.2	-21.8	0.2	-0.1	0.0	0.4	8.5	-42.2
835	2.1	2.1	-20.9	0.1	-0.1	0.2	0.5	8.4	-42.3
836	2.1	1.9	-20.0	0.1	-0.1	0.4	0.7	8.2	-42.3
837	2.0	1.8	-19.1	0.1	-0.1	0.6	0.9	8.1	-42.1
838	2.0	1.6	-18.2	0.1	-0.2	0.7	1.0	7.9	-41.9
839	2.0	1.5	-17.3	0.1	-0.2	0.9	1.2	7.8	-41.5
840	1.9	1.4	-16.4	0.0	-0.2	1.0	1.3	7.6	-41.1
841	1.9	1.3	-15.6	0.0	-0.2	1.1	1.4	7.4	-40.6
842	1.8	1.2	-14.8	0.0	-0.2	1.2	1.5	7.2	-40.0
843	1.8	1.0	-14.0	0.0	-0.3	1.3	1.6	7.0	-39.3
844	1.7	0.9	-13.2	-0.0	-0.3	1.4	1.7	6.8	-38.6
845	1.7	0.8	-12.4	-0.0	-0.3	1.5	1.7	6.6	-37.9
846	1.6	0.7	-11.7	-0.0	-0.3	1.6	1.8	6.4	-37.1
847	1.6	0.7	-11.0	-0.0	-0.3	1.6	1.9	6.2	-36.2
848	1.5	0.6	-10.3	-0.1	-0.3	1.7	1.9	6.0	-35.4
849	1.5	0.5	-9.6	-0.1	-0.3	1.7	1.9	5.8	-34.5
850	1.4	0.4	-9.0	-0.1	-0.3	1.7	2.0	5.6	-33.5
851	1.4	0.3	-8.3	-0.1	-0.3	1.8	2.0	5.4	-32.6
852	1.3	0.3	-7.7	-0.1	-0.3	1.8	2.0	5.1	-31.6
853	1.3	0.2	-7.1	-0.1	-0.3	1.8	2.0	4.9	-30.6
854	1.2	0.2	-6.6	-0.1	-0.3	1.8	2.0	4.7	-29.6
855	1.2	0.1	-6.0	-0.1	-0.3	1.8	2.0	4.5	-28.6
856	1.1	0.0	-5.5	-0.1	-0.3	1.8	2.0	4.3	-27.6
857	1.1	-0.0	-5.0	-0.1	-0.3	1.8	2.0	4.1	-26.6
858	1.0	-0.0	-4.6	-0.1	-0.3	1.8	1.9	3.9	-25.6
859	1.0	-0.1	-4.1	-0.1	-0.3	1.8	1.9	3.7	-24.6
860	0.9	-0.1	-3.7	-0.1	-0.3	1.8	1.9	3.5	-23.6
861	0.9	-0.2	-3.3	-0.1	-0.3	1.7	1.9	3.4	-22.6
862	0.8	-0.2	-2.9	-0.1	-0.3	1.7	1.8	3.2	-21.7
863	0.8	-0.2	-2.5	-0.1	-0.3	1.7	1.8	3.0	-20.7
864	0.7	-0.3	-2.2	-0.1	-0.3	1.7	1.8	2.8	-19.7
865	0.7	-0.3	-1.9	-0.1	-0.3	1.6	1.7	2.7	-18.8
866	0.7	-0.3	-1.5	-0.1	-0.3	1.6	1.7	2.5	-17.9
867	0.6	-0.3	-1.2	-0.1	-0.3	1.6	1.6	2.4	-17.0
868	0.6	-0.3	-1.0	-0.1	-0.3	1.5	1.6	2.2	-16.1
869	0.5	-0.3	-0.7	-0.1	-0.3	1.5	1.6	2.1	-15.3
870	0.5	-0.4	-0.5	-0.1	-0.2	1.5	1.5	1.9	-14.4
871	0.5	-0.4	-0.3	-0.1	-0.2	1.4	1.5	1.8	-13.6
872	0.4	-0.4	-0.0	-0.1	-0.2	1.4	1.4	1.6	-12.8
873	0.4	-0.4	0.2	-0.1	-0.2	1.3	1.4	1.5	-12.0
874	0.4	-0.4	0.3	-0.1	-0.2	1.3	1.3	1.4	-11.3
875	0.3	-0.4	0.5	-0.1	-0.2	1.2	1.3	1.3	-10.6
876	0.3	-0.4	0.7	-0.1	-0.2	1.2	1.2	1.2	-9.9
877	0.3	-0.4	0.8	-0.1	-0.2	1.2	1.2	1.1	-9.2
878	0.3	-0.4	0.9	-0.1	-0.2	1.1	1.1	1.0	-8.5
879	0.2	-0.4	1.0	-0.1	-0.2	1.1	1.1	0.9	-7.9
880	0.2	-0.4	1.1	-0.1	-0.2	1.0	1.0	0.8	-7.3
881	0.2	-0.4	1.2	-0.1	-0.2	1.0	1.0	0.7	-6.7
882	0.2	-0.4	1.3	-0.1	-0.2	0.9	1.0	0.6	-6.2
883	0.1	-0.4	1.4	-0.1	-0.1	0.9	0.9	0.5	-5.6
884	0.1	-0.4	1.5	-0.1	-0.1	0.9	0.9	0.5	-5.1
885	0.1	-0.4	1.5	-0.1	-0.1	0.8	0.8	0.4	-4.6
886	0.1	-0.4	1.6	-0.1	-0.1	0.8	0.8	0.3	-4.2
887	0.1	-0.4	1.6	-0.1	-0.1	0.7	0.7	0.3	-3.7
888	0.1	-0.4	1.7	-0.1	-0.1	0.7	0.7	0.2	-3.3
889	0.0	-0.4	1.7	-0.1	-0.1	0.7	0.7	0.1	-2.9
890	0.0	-0.4	1.7	-0.1	-0.1	0.6	0.6	0.1	-2.5
891	0.0	-0.3	1.7	-0.1	-0.1	0.6	0.6	0.0	-2.2
892	0.0	-0.3	1.7	-0.1	-0.1	0.5	0.6	-0.0	-1.8
893	-0.0	-0.3	1.7	-0.1	-0.1	0.5	0.5	-0.1	-1.5
894	-0.0	-0.3	1.7	-0.1	-0.1	0.5	0.5	-0.1	-1.2
895	-0.0	-0.3	1.7	-0.0	-0.1	0.4	0.5	-0.1	-0.9
896	-0.0	-0.3	1.7	-0.0	-0.1	0.4	0.4	-0.2	-0.7
897	-0.0	-0.3	1.7	-0.0	-0.1	0.4	0.4	-0.2	-0.4
898	-0.0	-0.3	1.7	-0.0	-0.1	0.4	0.4	-0.2	-0.2
899	-0.1	-0.3	1.7	-0.0	-0.0	0.3	0.3	-0.2	0.0
900	-0.1	-0.3	1.6	-0.0	-0.0	0.3	0.3	-0.3	0.2
901	-0.1	-0.2	1.6	-0.0	-0.0	0.3	0.3	-0.3	0.4
902	-0.1	-0.2	1.6	-0.0	-0.0	0.2	0.3	-0.3	0.6
903	-0.1	-0.2	1.6	-0.0	-0.0	0.2	0.2	-0.3	0.7
904	-0.1	-0.2	1.5	-0.0	-0.0	0.2	0.2	-0.3	0.9
905	-0.1	-0.2	1.5	-0.0	-0.0	0.2	0.2	-0.3	1.0
906	-0.1	-0.2	1.4	-0.0	-0.0	0.2	0.2	-0.4	1.1
907	-0.1	-0.2	1.4	-0.0	-0.0	0.1	0.1	-0.4	1.3
908	-0.1	-0.2	1.4	-0.0	-0.0	0.1	0.1	-0.4	1.3
909	-0.1	-0.2	1.3	-0.0	-0.0	0.1	0.1	-0.4	1.4
910	-0.1	-0.2	1.3	-0.0	-0.0	0.1	0.1	-0.4	1.5
911	-0.1	-0.2	1.2	-0.0	-0.0	0.1	0.1	-0.4	1.6
912	-0.1	-0.1	1.2	-0.0	-0.0	0.0	0.1	-0.4	1.6
913	-0.1	-0.1	1.2	-0.0	-0.0	0.0	0.1	-0.4	1.7
914	-0.1	-0.1	1.1	-0.0	0.0	0.0	0.0	-0.4	1.7
915	-0.1	-0.1	1.1	-0.0	0.0	-0.0	0.0	-0.4	1.8
916	-0.1	-0.1	1.0	-0.0	0.0	-0.0	0.0	-0.4	1.8
917	-0.1	-0.1	1.0	-0.0	0.0	-0.0	0.0	-0.4	1.8
918	-0.1	-0.1	0.9	-0.0	0.0	-0.0	-0.0	-0.4	1.8
919	-0.1	-0.1	0.9	-0.0	0.0	-0.1	-0.0	-0.4	1.8
920	-0.1	-0.1	0.9	-0.0	0.0	-0.1	-0.0	-0.4	1.8
921	-0.1	-0.1	0.8	-0.0	0.0	-0.1	-0.0	-0.4	1.8
922	-0.1	-0.1	0.8	-0.0	0.0	-0.1	-0.0	-0.3	1.8
923	-0.1	-0.1	0.7	-0.0	0.0	-0.1	-0.0	-0.3	1.8
924	-0.1	-0.1	0.7	-0.0	0.0	-0.1	-0.1	-0.3	1.8
925	-0.1	-0.1	0.7	-0.0	0.0	-0.1	-0.1	-0.3	1.8
926	-0.1	-0.0	0.6	-0.0	0.0	-0.1	-0.1	-0.3	1.8
927	-0.1	-0.0	0.6	-0.0	0.0	-0.1	-0.1	-0.3	1.7
928	-0.1	-0.0	0.5	-0.0	0.0	-0.1	-0.1	-0.3	1.7
929	-0.1	-0.0	0.5	-0.0	0.0	-0.1	-0.1	-0.3	1.7
930	-0.1	-0.0	0.5	-0.0	0.0	-0.1	-0.1	-0.3	1.6
931	-0.1	-0.0	0.4	-0.0	0.0	-0.2	-0.1	-0.3	1.6
932	-0.1	-0.0	0.4	-0.0	0.0	-0.2	-0.1	-0.3	1.6
933	-0.1	-0.0	0.4	-0.0	0.0	-0.2	-0.1	-0.3	1.5
934	-0.1	-0.0	0.3	-0.0	0.0	-0.2	-0.1	-0.2	1.5
935	-0.1	-0.0	0.3	-0.0	0.0	-0.2	-0.1	-0.2	1.5
936	-0.1	-0.0	0.3	-0.0	0.0	-0.2	-0.1	-0.2	1.4
937	-0.1	-0.0	0.3	-0.0	0.0	-0.2	-0.1	-0.2	1.4
938	-0.1	-0.0	0.2	-0.0	0.0	-0.2	-0.1	-0.2	1.3
939	-0.1	0.0	0.2	-0.0	0.0	-0.2	-0.1	-0.2	1.3
940	-0.0	0.0	0.2	-0.0	0.0	-0.2	-0.1	-0.2	1.2
941	-0.0	0.0	0.2	-0.0	0.0	-0.2	-0.1	-0.2	1.2
942	-0.0	0.0	0.1	-0.0	0.0	-0.2	-0.1	-0.2	1.2
943	-0.0	0.0	0.1	-0.0	0.0	-0.2	-0.1	-0.2	1.1
944	-0.0	0.0	0.1	-0.0	0.0	-0.2	-0.1	-0.2	1.1
945	-0.0	0.0	0.1	-0.0	0.0	-0.2	-0.1	-0.2	1.0
946	-0.0	0.0	0.1	-0.0	0.0	-0.2	-0.1	-0.1	1.0
947	-0.0	0.0	0.0	-0.0	0.0	-0.2	-0.1	-0.1	0.9
948	-0.0	0.0	0.0	-0.0	0.0	-0.2	-0.1	-0.1	0.9
949	-0.0	0.0	0.0	-0.0	0.0	-0.2	-0.1	-0.1	0.9
950	-0.0	0.0	-0.0	-0.0	0.0	-0.2	-0.1	-0.1	0.8
951	-0.0	0.0	-0.0	-0.0	0.0	-0.2	-0.1	-0.1	0.8
952	-0.0	0.0	-0.0	-0.0	0.0	-0.2	-0.1	-0.1	0.7
953	-0.0	0.0	-0.1	0.0	0.0	-0.2	-0.1	-0.1	0.7
954	-0.0	0.0	-0.1	0.0	-0.0	-0.2	-0.1	-0.1	0.7
955	-0.0	0.0	-0.1	0.0	-0.0	-0.2	-0.1	-0.1	0.6
956	-0.0	0.0	-0.1	0.0	-0.0	-0.2	-0.1	-0.1	0.6
957	-0.0	0.0	-0.1	0.0	-0.0	-0.1	-0.1	-0.1	0.5
958	-0.0	0.0	-0.1	0.0	-0.0	-0.1	-0.1	-0.1	0.5
959	-0.0	0.0	-0.1	0.0	-0.0	-0.1	-0.1	-0.1	0.5
960	-0.0	0.0	-0.1	0.0	-0.0	-0.1	-0.1	-0.1	0.4
961	-0.0	0.0	-0.1	0.0	-0.0	-0.1	-0.1	-0.0	0.4
962	-0.0	0.0	-0.1	0.0	-0.0	-0.1	-0.1	-0.0	0.4
963	-0.0	0.0	-0.1	0.0	-0.0	-0.1	-0.1	-0.0	0.3
964	-0.0	0.0	-0.1	0.0	-0.0	-0.1	-0.0	-0.0	0.3
965	-0.0	0.0	-0.1	0.0	-0.0	-0.1	-0.0	-0.0	0.3
966	-0.0	0.0	-0.1	0.0	-0.0	-0.1	-0.0	-0.0	0.3
967	-0.0	0.0	-0.1	0.0	-0.0	-0.1	-0.0	-0.0	0.2
968	-0.0	0.0	-0.1	0.0	-0.0	-0.0	-0.0	-0.0	0.2
969	-0.0	0.0	-0.1	0.0	-0.0	-0.0	-0.0	-0.0	0.2
970	-0.0	0.0	-0.1	0.0	-0.0	-0.0	-0.0	-0.0	0.2
971	-0.0	0.0	-0.1	0.0	-0.1	0.0	-0.0	-0.0	0.1
972	-0.0	0.0	-0.1	0.0	-0.1	0.0	-0.0	-0.0	0.1
973	-0.0	0.0	-0.1	0.0	-0.1	0.0	-0.0	-0.0	0.1
974	-0.0	-0.0	-0.1	0.0	-0.1	0.1	-0.0	-0.0	0.1
975	-0.0	-0.0	-0.1	0.0	-0.1	0.1	-0.0	0.0	0.1
976	-0.0	-0.0	-0.1	0.0	-0.1	0.1	-0.0	0.0	0.0
977	-0.0	-0.0	-0.1	0.0	-0.1	0.1	-0.0	0.0	0.0
978	-0.0	-0.0	-0.0	0.0	-0.1	0.2	-0.0	0.0	0.0
979	-0.0	-0.0	-0.0	0.0	-0.1	0.2	-0.0	0.0	-0.0
980	-0.0	-0.0	-0.0	0.0	-0.1	0.2	-0.0	0.0	-0.0
981	-0.0	-0.0	0.0	0.0	-0.1	0.2	-0.0	0.0	-0.0
982	-0.0	-0.0	0.0	0.0	-0.1	0.3	-0.0	0.0	-0.0
983	-0.0	-0.0	0.0	0.0	-0.1	0.3	-0.0	0.0	-0.1
984	-0.0	-0.0	0.1	0.0	-0.1	0.3	-0.0	0.0	-0.1
985	-0.0	-0.0	0.1	0.0	-0.1	0.4	-0.0	0.0	-0.1
986	-0.0	-0.0	0.1	0.0	-0.1	0.4	-0.0	0.0	-0.1
987	-0.0	-0.0	0.1	0.0	-0.1	0.4	-0.0	0.0	-0.1
988	-0.0	-0.0	0.1	0.0	-0.1	0.5	-0.0	0.0	-0.1
989	-0.0	-0.0	0.2	0.0	-0.1	0.5	-0.0	0.0	-0.1
990	-0.0	-0.1	0.2	0.1	-0.1	0.6	-0.0	0.0	-0.1
991	-0.0	-0.1	0.2	0.1	-0.1	0.6	-0.0	0.0	-0.1
992	-0.0	-0.1	0.2	0.1	-0.1	0.6	-0.0	0.0	-0.1
993	-0.0	-0.1	0.3	0.1	-0.2	0.7	-0.0	0.0	-0.1
994	-0.0	-0.1	0.3	0.1	-0.2	0.7	-0.0	0.0	-0.1
995	-0.0	-0.1	0.3	0.1	-0.2	0.8	-0.0	0.0	-0.2
996	-0.0	-0.1	0.4	0.1	-0.2	0.8	-0.0	0.0	-0.2
997	-0.0	-0.1	0.4	0.1	-0.2	0.9	-0.0	0.0	-0.2
998	-0.0	-0.1	0.4	0.1	-0.2	0.9	-0.0	0.0	-0.2
999	-0.0	-0.1	0.4	0.1	-0.2	1.0	-0.0	0.0	-0.2
1000	-0.0	-0.1	0.5	0.1	-0.2	1.0	-0.0	0.0	-0.2
1001	-0.0	-0.1	0.5	0.1	-0.2	1.1	-0.0	0.0	-0.2
1002	-0.0	-0.1	0.6	0.1	-0.2	1.1	-0.0	0.0	-0.2
1003	-0.0	-0.1	0.6	0.1	-0.2	1.2	0.0	0.0	-0.2
1004	-0.0	-0.1	0.6	0.1	-0.2	1.2	0.0	0.0	-0.2
1005	-0.0	-0.1	0.7	0.1	-0.2	1.3	0.0	0.0	-0.2
1006	-0.0	-0.1	0.7	0.1	-0.2	1.4	0.0	0.0	-0.2
1007	-0.0	-0.1	0.8	0.1	-0.2	1.4	0.0	0.0	-0.2
1008	-0.0	-0.1	0.8	0.1	-0.2	1.5	0.0	0.0	-0.2
1009	-0.0	-0.1	0.8	0.1	-0.2	1.5	0.0	0.0	-0.2
1010	-0.0	-0.1	0.9	0.1	-0.2	1.6	0.0	-0.0	-0.2
1011	-0.0	-0.1	0.9	0.1	-0.2	1.7	0.0	-0.0	-0.2
1012	-0.0	-0.1	1.0	0.1	-0.2	1.7	0.0	-0.0	-0.1
1013	-0.0	-0.2	1.0	0.1	-0.2	1.8	0.0	-0.0	-0.1
1014	-0.0	-0.2	1.1	0.1	-0.2	1.8	0.0	-0.0	-0.1
1015	-0.0	-0.2	1.1	0.1	-0.2	1.9	0.0	-0.0	-0.1
1016	-0.0	-0.2	1.1	0.1	-0.2	2.0	0.0	-0.0	-0.1
1017	-0.0	-0.2	1.2	0.1	-0.2	2.0	0.0	-0.0	-0.1
1018	-0.0	-0.2	1.2	0.1	-0.2	2.1	0.0	-0.0	-0.1
1019	-0.0	-0.2	1.3	0.1	-0.2	2.1	0.0	-0.0	-0.1
1020	-0.0	-0.2	1.3	0.1	-0.2	2.2	0.0	-0.0	-0.1
1021	-0.0	-0.2	1.4	0.1	-0.1	2.2	0.0	-0.0	-0.1
1022	-0.0	-0.2	1.4	0.1	-0.1	2.3	0.0	-0.0	-0.1
1023	-0.0	-0.2	1.5	0.1	-0.1	2.3	0.0	-0.0	-0.0
1024	-0.0	-0.2	1.5	0.1	-0.1	2.3	0.0	-0.0	-0.0
1025	-0.0	-0.2	1.5	0.2	-0.1	2.4	0.0	-0.0	-0.0
1026	-0.0	-0.2	1.6	0.1	-0.1	2.4	0.0	-0.0	0.0
1027	-0.0	-0.2	1.6	0.1	-0.1	2.4	0.0	-0.0	0.0
1028	-0.0	-0.2	1.6	0.1	-0.0	2.5	0.0	-0.0	0.0
1029	-0.0	-0.2	1.7	0.1	-0.0	2.5	0.0	-0.1	0.1
1030	-0.0	-0.2	1.7	0.1	-0.0	2.5	0.0	-0.1	0.1
1031	-0.0	-0.2	1.7	0.1	0.0	2.5	0.0	-0.1	0.1
1032	-0.0	-0.2	1.8	0.1	0.0	2.5	0.0	-0.1	0.1
1033	-0.0	-0.2	1.8	0.1	0.1	2.5	0.0	-0.1	0.1
1034	-0.0	-0.2	1.8	0.1	0.1	2.5	0.0	-0.1	0.2
1035	-0.0	-0.2	1.8	0.1	0.1	2.5	0.0	-0.1	0.2
1036	-0.0	-0.1	1.8	0.1	0.2	2.4	0.0	-0.1	0.2
1037	-0.0	-0.1	1.8	0.1	0.2	2.4	0.0	-0.1	0.2
1038	-0.0	-0.1	1.8	0.1	0.2	2.3	0.0	-0.1	0.3
1039	-0.0	-0.1	1.8	0.1	0.3	2.3	0.0	-0.1	0.3
1040	0.0	-0.1	1.8	0.1	0.3	2.2	0.0	-0.1	0.3
1041	0.0	-0.1	1.8	0.1	0.4	2.1	0.0	-0.1	0.4
1042	0.0	-0.1	1.8	0.1	0.4	2.0	0.0	-0.1	0.4
1043	0.0	-0.1	1.8	0.0	0.4	1.9	0.0	-0.1	0.4
1044	0.0	-0.0	1.7	0.0	0.5	1.8	0.0	-0.1	0.5
1045	0.0	-0.0	1.7	0.0	0.5	1.7	0.0	-0.1	0.5
1046	0.0	-0.0	1.6	0.0	0.6	1.5	0.0	-0.1	0.5
1047	0.1	0.0	1.6	-0.0	0.7	1.3	0.0	-0.1	0.6
1048	0.1	0.0	1.5	-0.0	0.7	1.2	0.0	-0.1	0.6
1049	0.1	0.1	1.4	-0.1	0.8	1.0	0.0	-0.1	0.7
1050	0.1	0.1	1.3	-0.1	0.8	0.7	0.0	-0.1	0.7
1051	0.1	0.1	1.2	-0.1	0.9	0.5	0.0	-0.1	0.7
1052	0.1	0.1	1.1	-0.1	1.0	0.2	0.0	-0.1	0.8
1053	0.1	0.2	1.0	-0.1	1.1	-0.0	0.0	-0.1	0.8
1054	0.1	0.2	0.8	-0.2	1.1	-0.3	0.0	-0.1	0.9
1055	0.1	0.2	0.7	-0.2	1.2	-0.7	0.0	-0.1	0.9
1056	0.2	0.3	0.5	-0.2	1.3	-1.0	0.0	-0.1	1.0
1057	0.2	0.3	0.4	-0.3	1.4	-1.4	0.0	-0.1	1.0
1058	0.2	0.4	0.2	-0.3	1.5	-1.8	0.0	-0.1	1.1
1059	0.2	0.4	-0.0	-0.3	1.5	-2.2	0.0	-0.1	1.1
1060	0.2	0.4	-0.3	-0.4	1.6	-2.6	0.0	-0.1	1.2
1061	0.2	0.5	-0.5	-0.4	1.7	-3.1	0.0	-0.1	1.2
1062	0.3	0.5	-0.8	-0.5	1.8	-3.6	0.0	-0.1	1.3
1063	0.3	0.6	-1.0	-0.5	1.9	-4.1	0.0	-0.1	1.3
1064	0.3	0.6	-1.3	-0.5	2.0	-4.7	0.0	-0.1	1.4
1065	0.3	0.7	-1.6	-0.6	2.1	-5.3	0.0	-0.1	1.4
1066	0.3	0.8	-2.0	-0.6	2.2	-5.9	0.0	-0.1	1.5
1067	0.4	0.8	-2.3	-0.7	2.3	-6.5	0.0	-0.1	1.5
1068	0.4	0.9	-2.7	-0.7	2.4	-7.2	0.0	-0.1	1.6
1069	0.4	1.0	-3.1	-0.8	2.5	-7.9	0.0	-0.1	1.6
1070	0.4	1.0	-3.5	-0.9	2.6	-8.6	0.0	-0.1	1.7
1071	0.4	1.1	-3.9	-0.9	2.7	-9.4	0.0	-0.1	1.7
1072	0.5	1.2	-4.4	-1.0	2.8	-10.2	0.0	-0.1	1.8
1073	0.5	1.2	-4.8	-1.0	3.0	-11.0	0.0	-0.1	1.8
1074	0.5	1.3	-5.3	-1.1	3.1	-11.9	0.0	-0.1	1.8
1075	0.5	1.4	-5.9	-1.2	3.2	-12.8	0.0	-0.1	1.9
1076	0.6	1.5	-6.4	-1.2	3.3	-13.7	0.0	-0.1	1.9
1077	0.6	1.6	-7.0	-1.3	3.4	-14.7	0.0	-0.1	2.0
1078	0.6	1.7	-7.6	-1.4	3.5	-15.7	0.0	-0.0	2.0
1079	0.7	1.7	-8.2	-1.5	3.6	-16.7	0.0	-0.0	2.0
1080	0.7	1.8	-8.8	-1.5	3.7	-17.8	0.0	-0.0	2.1
1081	0.7	1.9	-9.5	-1.6	3.8	-18.9	0.0	-0.0	2.1
1082	0.7	2.0	-10.2	-1.7	3.9	-20.0	0.0	0.0	2.1
1083	0.8	2.1	-10.9	-1.8	4.0	-21.2	0.0	0.0	2.1
1084	0.8	2.2	-11.6	-1.8	4.1	-22.3	0.0	0.0	2.1
1085	0.8	2.3	-12.4	-1.9	4.1	-23.5	0.0	0.1	2.1
1086	0.8	2.4	-13.2	-2.0	4.2	-24.8	0.0	0.1	2.1
1087	0.9	2.5	-14.0	-2.1	4.3	-26.0	-0.0	0.1	2.1
1088	0.9	2.6	-14.8	-2.2	4.3	-27.3	-0.0	0.1	2.1
1089	0.9	2.7	-15.7	-2.3	4.4	-28.6	-0.0	0.2	2.1
1090	0.9	2.8	-16.5	-2.3	4.4	-29.9	-0.0	0.2	2.0
1091	1.0	2.9	-17.4	-2.4	4.5	-31.3	-0.0	0.2	2.0
1092	1.0	3.0	-18.3	-2.5	4.5	-32.6	-0.0	0.2	2.0
1093	1.0	3.1	-19.3	-2.6	4.5	-34.0	-0.0	0.3	1.9
1094	1.0	3.2	-20.2	-2.7	4.5	-35.3	-0.0	0.3	1.8
1095	1.0	3.3	-21.2	-2.7	4.5	-36.7	-0.0	0.3	1.8
1096	1.1	3.4	-22.1	-2.8	4.5	-38.1	-0.0	0.4	1.7
1097	1.1	3.5	-23.1	-2.9	4.5	-39.5	-0.0	0.4	1.6
1098	1.1	3.6	-24.1	-3.0	4.4	-40.8	-0.1	0.5	1.5
1099	1.1	3.6	-25.1	-3.0	4.4	-42.2	-0.1	0.5	1.4
1100	1.1	3.7	-26.1	-3.1	4.3	-43.5	-0.1	0.5	1.2
1101	1.1	3.8	-27.1	-3.2	4.2	-44.8	-0.1	0.6	1.1
1102	1.1	3.9	-28.2	-3.2	4.1	-46.1	-0.1	0.6	0.9
1103	1.1	3.9	-29.2	-3.3	3.9	-47.4	-0.1	0.7	0.7
1104	1.1	4.0	-30.2	-3.3	3.7	-48.6	-0.1	0.7	0.6
1105	1.1	4.0	-31.2	-3.4	3.6	-49.8	-0.1	0.8	0.3
1106	1.1	4.1	-32.2	-3.4	3.3	-50.9	-0.1	0.8	0.1
1107	1.1	4.1	-33.1	-3.4	3.1	-52.0	-0.1	0.9	-0.1
1108	1.1	4.2	-34.1	-3.5	2.8	-53.0	-0.1	1.0	-0.4
1109	1.1	4.2	-35.0	-3.5	2.6	-53.9	-0.1	1.0	-0.7
1110	1.0	4.2	-35.9	-3.5	2.2	-54.7	-0.1	1.1	-1.0
1111	1.0	4.2	-36.8	-3.5	1.9	-55.5	-0.2	1.1	-1.3
1112	1.0	4.2	-37.6	-3.5	1.5	-56.2	-0.2	1.2	-1.6
1113	0.9	4.1	-38.4	-3.4	1.1	-56.7	-0.2	1.3	-2.0
1114	0.9	4.1	-39.1	-3.4	0.6	-57.1	-0.2	1.3	-2.4
1115	0.8	4.0	-39.8	-3.3	0.1	-57.4	-0.2	1.4	-2.8
1116	0.8	4.0	-40.4	-3.3	-0.4	-57.6	-0.2	1.5	-3.2
1117	0.7	3.9	-40.9	-3.2	-1.0	-57.6	-0.2	1.6	-3.7
1118	0.7	3.8	-41.4	-3.1	-1.6	-57.5	-0.2	1.6	-4.1
1119	0.6	3.6	-41.8	-3.0	-2.2	-57.2	-0.2	1.7	-4.6
1120	0.5	3.5	-42.1	-2.9	-2.9	-56.6	-0.3	1.8	-5.2
1121	0.4	3.3	-42.3	-2.7	-3.7	-55.9	-0.3	1.9	-5.7
1122	0.3	3.1	-42.4	-2.6	-4.5	-55.0	-0.3	1.9	-6.3
1123	0.2	2.9	-42.4	-2.4	-5.3	-53.9	-0.3	2.0	-6.9
1124	0.1	2.7	-42.3	-2.2	-6.2	-52.5	-0.3	2.1	-7.5
1125	-0.1	2.4	-42.1	-2.0	-7.1	-50.8	-0.3	2.2	-8.2
1126	-0.2	2.1	-41.7	-1.7	-8.1	-48.9	-0.3	2.2	-8.9
1127	-0.4	1.8	-41.1	-1.5	-9.1	-46.7	-0.3	2.3	-9.6
1128	-0.5	1.5	-40.4	-1.2	-10.2	-44.2	-0.4	2.4	-10.4
1129	-0.7	1.1	-39.6	-0.8	-11.4	-41.4	-0.4	2.5	-11.1
1130	-0.9	0.7	-38.5	-0.5	-12.6	-38.3	-0.4	2.5	-11.9
1131	-1.1	0.2	-37.3	-0.1	-13.8	-34.8	-0.4	2.6	-12.7
1132	-1.3	-0.3	-35.9	0.3	-15.1	-30.9	-0.4	2.7	-13.6
1133	-1.5	-0.8	-34.2	0.7	-16.5	-26.7	-0.4	2.7	-14.5
1134	-1.7	-1.3	-32.4	1.2	-17.9	-22.0	-0.4	2.8	-15.4
1135	-2.0	-1.9	-30.3	1.7	-19.4	-17.0	-0.4	2.9	-16.3
1136	-2.2	-2.5	-27.9	2.2	-21.0	-11.5	-0.5	2.9	-17.3
1137	-2.5	-3.2	-25.3	2.8	-22.6	-5.5	-0.5	3.0	-18.3
1138	-2.8	-3.9	-22.4	3.4	-24.3	0.9	-0.5	3.0	-19.3
1139	-3.1	-4.7	-19.3	4.0	-26.0	7.8	-0.5	3.1	-20.3
1140	-3.4	-5.5	-15.8	4.7	-27.8	15.2	-0.5	3.1	-21.3
1141	-3.7	-6.3	-12.0	5.4	-29.6	23.2	-0.5	3.1	-22.4
1142	-4.1	-7.2	-8.0	6.1	-31.5	31.7	-0.5	3.2	-23.5
1143	-4.4	-8.2	-3.5	6.9	-33.5	40.7	-0.5	3.2	-24.6
1144	-4.8	-9.2	1.3	7.8	-35.5	50.4	-0.5	3.2	-25.7
1145	-5.2	-10.2	6.4	8.6	-37.6	60.6	-0.5	3.2	-26.8
1146	-5.6	-11.3	11.9	9.5	-39.7	71.4	-0.6	3.2	-28.0
1147	-6.0	-12.5	17.8	10.5	-41.8	82.9	-0.6	3.2	-29.1
1148	-6.4	-13.7	24.1	11.5	-44.1	95.0	-0.6	3.2	-30.3
1149	-6.8	-14.9	30.8	12.6	-46.3	107.8	-0.6	3.1	-31.5
1150	-7.3	-16.2	38.0	13.7	-48.6	121.2	-0.6	3.1	-32.6
1151	-7.8	-17.6	45.6	14.8	-51.0	135.4	-0.6	3.0	-33.8
1152	-8.3	-19.0	53.6	16.0	-53.4	150.2	-0.6	3.0	-34.9
1153	-8.8	-20.5	62.1	17.2	-55.8	165.8	-0.6	2.9	-36.1
1154	-9.3	-22.0	71.1	18.5	-58.2	182.0	-0.5	2.8	-37.2
1155	-9.8	-23.6	80.6	19.8	-60.7	199.0	-0.5	2.7	-38.3
1156	-10.3	-25.2	90.6	21.2	-63.1	216.8	-0.5	2.5	-39.4
1157	-10.9	-26.9	101.0	22.6	-65.6	235.3	-0.5	2.4	-40.4
1158	-11.4	-28.7	112.0	24.0	-68.1	254.5	-0.5	2.2	-41.4
1159	-12.0	-30.5	123.5	25.5	-70.6	274.5	-0.5	2.0	-42.4
1160	-12.6	-32.3	135.6	27.1	-73.1	295.2	-0.5	1.8	-43.3
1161	-13.2	-34.2	148.2	28.6	-75.6	316.7	-0.4	1.6	-44.2
1162	-13.8	-36.1	161.3	30.3	-78.0	339.0	-0.4	1.4	-45.0
1163	-14.4	-38.1	175.0	31.9	-80.4	362.0	-0.4	1.1	-45.8
1164	-15.0	-40.2	189.3	33.6	-82.8	385.7	-0.3	0.8	-46.5
1165	-15.6	-42.2	204.1	35.4	-85.1	410.2	-0.3	0.5	-47.1
1166	-16.3	-44.4	219.4	37.1	-87.4	435.4	-0.3	0.1	-47.6
1167	-16.9	-46.5	235.3	38.9	-89.5	461.2	-0.2	-0.2	-48.1
1168	-17.5	-48.7	251.8	40.7	-91.6	487.8	-0.2	-0.6	-48.4
1169	-18.1	-50.9	268.8	42.6	-93.6	515.0	-0.1	-1.1	-48.6
1170	-18.7	-53.2	286.4	44.5	-95.5	542.8	-0.1	-1.5	-48.7
1171	-19.3	-55.4	304.5	46.3	-97.2	571.3	-0.0	-2.0	-48.6
1172	-20.0	-57.7	323.1	48.2	-98.8	600.3	0.1	-2.5	-48.5
1173	-20.5	-60.0	342.2	50.1	-100.3	629.8	0.1	-3.1	-48.1
1174	-21.1	-62.3	361.9	52.1	-101.6	659.8	0.2	-3.7	-47.6
1175	-21.7	-64.6	382.0	54.0	-102.7	690.3	0.3	-4.3	-47.0
1176	-22.2	-66.9	402.5	55.9	-103.6	721.2	0.4	-4.9	-46.1
1177	-22.8	-69.2	423.5	57.8	-104.4	752.5	0.5	-5.6	-45.1
1178	-23.3	-71.4	445.0	59.8	-104.9	784.0	0.6	-6.4	-43.8
1179	-23.7	-73.7	466.8	61.7	-105.2	815.9	0.7	-7.1	-42.3
1180	-24.2	-75.9	488.9	63.6	-105.3	848.0	0.8	-7.9	-40.6
1181	-24.6	-78.0	511.4	65.4	-105.1	880.3	0.9	-8.8	-38.7
1182	-25.0	-80.1	534.1	67.3	-104.8	912.7	1.0	-9.7	-36.5
1183	-25.3	-82.1	557.1	69.1	-104.2	945.2	1.2	-10.6	-34.0
1184	-25.6	-84.1	580.3	70.9	-103.4	977.9	1.3	-11.6	-31.2
1185	-25.8	-86.0	603.6	72.7	-102.3	1010.5	1.4	-12.6	-28.1
1186	-26.0	-87.7	627.1	74.4	-101.1	1043.2	1.6	-13.6	-24.8
1187	-26.2	-89.4	650.6	76.1	-99.7	1075.8	1.7	-14.7	-21.0
1188	-26.3	-91.0	674.1	77.7	-98.1	1108.4	1.9	-15.8	-17.0
1189	-26.3	-92.4	697.5	79.3	-96.3	1140.9	2.1	-17.0	-12.6
1190	-26.3	-93.7	720.9	80.8	-94.4	1173.3	2.3	-18.2	-7.8
1191	-26.3	-94.9	744.2	82.2	-92.4	1205.6	2.4	-19.5	-2.6
1192	-26.2	-95.9	767.2	83.6	-90.2	1237.7	2.6	-20.8	3.0
1193	-26.0	-96.8	790.0	84.8	-87.9	1269.7	2.8	-22.1	9.0
1194	-25.8	-97.6	812.6	86.0	-85.6	1301.4	3.1	-23.5	15.5
1195	-25.6	-98.2	834.9	87.2	-83.1	1333.0	3.3	-24.9	22.4
1196	-25.3	-98.7	856.8	88.2	-80.6	1364.2	3.5	-26.4	29.7
1197	-25.0	-99.1	878.4	89.1	-78.1	1395.2	3.7	-27.9	37.5
1198	-24.7	-99.3	899.6	90.0	-75.5	1425.8	4.0	-29.4	45.9
1199	-24.3	-99.5	920.4	90.8	-72.9	1456.1	4.2	-31.0	54.7
1200	-23.9	-99.5	940.8	91.5	-70.3	1486.1	4.5	-32.6	64.1
1201	-23.5	-99.5	960.7	92.0	-67.6	1515.6	4.7	-34.2	74.0
1202	-23.1	-99.3	980.3	92.5	-65.0	1544.6	5.0	-35.9	84.4
1203	-22.7	-99.2	999.4	92.9	-62.3	1573.2	5.2	-37.5	95.4
1204	-22.3	-98.9	1018.1	93.2	-59.7	1601.3	5.5	-39.3	107.0
1205	-21.9	-98.6	1036.3	93.4	-57.1	1628.8	5.8	-41.0	119.2
1206	-21.5	-98.3	1054.2	93.5	-54.5	1655.7	6.1	-42.7	132.0
1207	-21.1	-97.9	1071.5	93.5	-52.0	1681.9	6.4	-44.5	145.3
1208	-20.8	-97.5	1088.5	93.4	-49.5	1707.5	6.7	-46.2	159.3
1209	-20.5	-97.1	1105.1	93.2	-47.1	1732.4	7.0	-48.0	173.9
1210	-20.2	-96.6	1121.3	92.9	-44.8	1756.5	7.3	-49.8	189.2
1211	-19.9	-96.1	1137.1	92.6	-42.5	1779.8	7.6	-51.5	205.0
1212	-19.6	-95.6	1152.5	92.1	-40.3	1802.2	7.9	-53.3	221.5
1213	-19.4	-95.0	1167.6	91.5	-38.3	1823.8	8.2	-55.0	238.7
1214	-19.3	-94.4	1182.4	90.9	-36.4	1844.3	8.5	-56.7	256.4
1215	-19.1	-93.7	1196.9	90.2	-34.6	1863.9	8.8	-58.4	274.8
1216	-19.1	-93.0	1211.1	89.4	-33.0	1882.5	9.1	-60.0	293.9
1217	-19.0	-92.3	1225.1	88.6	-31.5	1899.9	9.4	-61.6	313.6
1218	-19.0	-91.4	1238.9	87.7	-30.3	1916.2	9.7	-63.2	333.9
1219	-19.1	-90.5	1252.5	86.8	-29.2	1931.4	10.0	-64.7	354.8
1220	-19.2	-89.6	1266.0	85.8	-28.4	1945.3	10.3	-66.1	376.3
1221	-19.3	-88.5	1279.5	84.8	-27.8	1958.0	10.6	-67.4	398.3
1222	-19.5	-87.4	1292.9	83.8	-27.5	1969.4	10.9	-68.7	421.0
1223	-19.8	-86.1	1306.4	82.7	-27.4	1979.5	11.2	-69.8	444.2
1224	-20.1	-84.8	1320.0	81.7	-27.6	1988.3	11.4	-70.9	467.9
1225	-20.4	-83.4	1333.7	80.7	-28.1	1995.8	11.7	-71.8	492.1
1226	-20.8	-81.9	1347.6	79.6	-28.9	2001.9	11.9	-72.6	516.8
1227	-21.2	-80.2	1361.8	78.6	-30.0	2006.8	12.1	-73.3	541.9
1228	-21.7	-78.5	1376.3	77.6	-31.4	2010.2	12.3	-73.8	567.4
1229	-22.3	-76.6	1391.3	76.7	-33.0	2012.4	12.5	-74.1	593.3
1230	-22.9	-74.6	1406.7	75.7	-35.0	2013.3	12.6	-74.3	619.5
1231	-23.5	-72.5	1422.8	74.9	-37.2	2012.9	12.8	-74.3	646.0
1232	-24.2	-70.3	1439.5	74.0	-39.7	2011.2	12.9	-74.1	672.8
1233	-25.0	-67.9	1457.0	73.2	-42.5	2008.4	13.0	-73.7	699.8
1234	-25.8	-65.3	1475.4	72.4	-45.5	2004.4	13.0	-73.1	727.0
1235	-26.7	-62.6	1494.8	71.7	-48.7	1999.3	13.1	-72.3	754.2
1236	-27.6	-59.6	1515.4	71.0	-52.2	1993.1	13.1	-71.3	781.7
1237	-28.6	-56.5	1537.2	70.4	-55.9	1986.0	13.0	-70.1	809.1
1238	-29.7	-53.2	1560.3	69.8	-59.7	1977.9	13.0	-68.8	836.6
1239	-30.8	-49.6	1585.0	69.2	-63.7	1968.9	12.9	-67.2	864.2
1240				68.7	-67.8	1959.1	12.7	-65.5	891.7
1241				68.2	-72.0	1948.6	12.5	-63.6	919.2
1242				67.7	-76.3	1937.4	12.3	-61.5	946.7
1243				67.3	-80.7	1925.5	12.0	-59.3	974.1
1244				66.9	-85.1	1913.2	11.7	-57.0	1001.5
1245				66.5	-89.5	1900.4	11.3	-54.6	1028.8
1246				66.1	-94.0	1887.2	10.9	-52.1	1056.0
1247				65.8	-98.4	1873.7	10.4	-49.5	1083.1
1248				65.4	-102.8	1859.9	9.8	-46.9	1110.1
1249				65.1	-107.2	1845.9	9.2	-44.2	1137.0
1250				64.8	-111.4	1831.7	8.5	-41.5	1163.7
1251				64.4	-115.6	1817.5	7.7	-38.8	1190.3
1252				64.1	-119.7	1803.3	6.9	-36.0	1216.8
1253				63.7	-123.7	1789.1	6.1	-33.3	1243.1
1254				63.4	-127.6	1774.9	5.1	-30.6	1269.2
1255				63.0	-131.3	1760.9	4.1	-27.9	1295.1
1256				62.7	-134.9	1747.1	3.0	-25.2	1320.7
1257				62.3	-138.3	1733.4	1.9	-22.6	1346.2
1258				61.9	-141.5	1720.0	0.7	-20.0	1371.4
1259				61.5	-144.6	1706.9	-0.6	-17.4	1396.3
1260				61.1	-147.6	1694.1	-1.9	-14.8	1421.0
1261				60.6	-150.3	1681.6	-3.3	-12.3	1445.3
1262				60.2	-152.9	1669.5	-4.8	-9.8	1469.3
1263				59.7	-155.2	1657.7	-6.3	-7.4	1492.9
1264				59.3	-157.4	1646.4	-7.9	-5.0	1516.2
1265				58.8	-159.5	1635.4	-9.6	-2.7	1539.0
1266				58.3	-161.3	1624.9	-11.3	-0.4	1561.4
1267				57.8	-162.9	1614.8	-13.1	1.8	1583.3
1268				57.3	-164.4	1605.2	-14.9	3.9	1604.8
1269				56.8	-165.7	1596.0	-16.8	6.0	1625.7
1270				56.3	-166.9	1587.2	-18.7	8.0	1646.0
1271				55.8	-167.8	1578.9	-20.7	9.9	1665.8
1272				55.3	-168.6	1571.1	-22.7	11.7	1684.9
1273				54.8	-169.3	1563.7	-24.7	13.4	1703.3
1274				54.3	-169.8	1556.7	-26.7	14.9	1721.1
1275				53.8	-170.2	1550.2	-28.8	16.4	1738.1
1276				53.3	-170.4	1544.1	-30.8	17.7	1754.3
1277				52.9	-170.5	1538.4	-32.9	18.8	1769.7
1278				52.4	-170.4	1533.2	-34.9	19.7	1784.2
1279				51.9	-170.3	1528.3	-36.9	20.5	1797.8
1280				51.5	-170.0	1523.8	-38.9	21.1	1810.6
1281				51.0	-169.6	1519.6	-40.8	21.4	1822.3
1282				50.6	-169.1	1515.8	-42.7	21.6	1833.1
1283				50.2	-168.6	1512.3	-44.5	21.5	1842.9
1284				49.8	-167.9	1509.1	-46.2	21.2	1851.7
1285				49.4	-167.1	1506.2	-47.9	20.7	1859.5
1286				49.0	-166.3	1503.6	-49.5	19.9	1866.2
1287				48.6	-165.3	1501.2	-51.0	18.9	1871.9
1288				48.2	-164.3	1499.1	-52.5	17.6	1876.6
1289				47.8	-163.2	1497.1	-53.8	16.1	1880.3
1290				47.4	-162.0	1495.4	-55.0	14.4	1882.9
1291				47.0	-160.8	1493.8	-56.2	12.5	1884.6
1292				46.7	-159.5	1492.4	-57.2	10.3	1885.3
1293				46.3	-158.0	1491.0	-58.2	8.0	1885.1
1294				45.9	-156.5	1489.8	-59.0	5.4	1884.0
1295				45.4	-154.9	1488.7	-59.8	2.7	1882.0
1296				45.0	-153.2	1487.6	-60.5	-0.2	1879.2
1297				44.6	-151.5	1486.6	-61.0	-3.2	1875.6
1298				44.1	-149.5	1485.6	-61.6	-6.4	1871.3
1299				43.6	-147.5	1484.6	-62.0	-9.7	1866.2
1300				43.1	-145.4	1483.6	-62.4	-13.0	1860.6
1301				42.5	-143.1	1482.5	-62.7	-16.4	1854.4
1302				41.9	-140.6	1481.3	-62.9	-19.9	1847.6
1303				41.3	-138.0	1480.1	-63.1	-23.4	1840.3
1304				40.6	-135.2	1478.8	-63.3	-26.9	1832.6
1305				39.9	-132.2	1477.3	-63.4	-30.4	1824.5
1306							-63.5	-33.9	1816.1
1307							-63.6	-37.3	1807.4
1308							-63.6	-40.6	1798.4
1309							-63.6	-43.9	1789.2
1310							-63.6	-47.1	1779.9
1311							-63.6	-50.1	1770.4
1312							-63.6	-53.1	1760.9
1313							-63.5	-55.9	1751.4
1314							-63.5	-58.5	1741.8
1315							-63.5	-61.0	1732.3
1316							-63.4	-63.4	1722.8
1317							-63.4	-65.6	1713.4
1318							-63.4	-67.6	1704.1
1319							-63.3	-69.4	1695.0
1320							-63.3	-71.1	1686.0
1321							-63.3	-72.6	1677.3
1322							-63.3	-74.0	1668.7
1323							-63.2	-75.1	1660.3
1324							-63.2	-76.1	1652.1
1325							-63.2	-77.0	1644.2
1326							-63.2	-77.6	1636.6
1327							-63.1	-78.2	1629.1
1328							-63.1	-78.5	1622.0
1329							-63.0	-78.8	1615.1
1330							-63.0	-78.9	1608.4
1331							-62.9	-78.8	1602.0
1332							-62.9	-78.7	1595.9
1333							-62.8	-78.4	1590.0
1334							-62.7	-78.0	1584.4
1335							-62.6	-77.5	1579.0
1336							-62.5	-77.0	1573.9
1337							-62.4	-76.3	1569.0
1338							-62.2	-75.6	1564.3
1339							-62.1	-74.8	1559.9
1340							-61.9	-74.0	1555.7
1341							-61.8	-73.1	1551.6
1342							-61.6	-72.2	1547.9
1343							-61.4	-71.2	1544.3
1344							-61.3	-70.2	1540.8
1345							-61.1	-69.2	1537.6
1346							-60.9	-68.2	1534.6
1347							-60.7	-67.2	1531.7
1348							-60.5	-66.1	1529.0
1349							-60.3	-65.1	1526.4
1350							-60.1	-64.1	1524.0
1351							-59.9	-63.0	1521.7
1352							-59.7	-62.0	1519.6
1353							-59.6	-61.0	1517.5
1354							-59.4	-60.0	1515.6
1355							-59.2	-59.1	1513.7
1356							-59.1	-58.1	1512.0
1357							-58.9	-57.1	1510.3
1358							-58.7	-56.2	1508.7
1359							-58.6	-55.3	1507.1
1360							-58.4	-54.3	1505.5
1361							-58.3	-53.4	1504.0
1362							-58.2	-52.5	1502.5
1363							-58.0	-51.5	1501.0
1364							-57.9	-50.6	1499.5
1365							-57.7	-49.6	1497.9
1366							-57.6	-48.6	1496.2
1367							-57.4	-47.6	1494.5
1368							-57.3	-46.5	1492.7
1369							-57.1	-45.4	1490.8
1370							-56.9	-44.2	1488.8
1371							-56.7	-43.0	1486.6
1372							-56.5	-41.7	1484.2
1373							-56.3	-40.3	1481.6
1374							-56.1	-38.8	1478.8