	D:\RTS 2.0\Data\Walker, Alex_AW\2026-04-02_\SLVL 2.c3d	D:\RTS 2.0\Data\Walker, Alex_AW\2026-04-02_\SLVL 2.c3d	D:\RTS 2.0\Data\Walker, Alex_AW\2026-04-02_\SLVL 2.c3d	D:\RTS 2.0\Data\Walker, Alex_AW\2026-04-02_\SLVL 3.c3d	D:\RTS 2.0\Data\Walker, Alex_AW\2026-04-02_\SLVL 3.c3d	D:\RTS 2.0\Data\Walker, Alex_AW\2026-04-02_\SLVL 3.c3d	D:\RTS 2.0\Data\Walker, Alex_AW\2026-04-02_\SLVL 4.c3d	D:\RTS 2.0\Data\Walker, Alex_AW\2026-04-02_\SLVL 4.c3d	D:\RTS 2.0\Data\Walker, Alex_AW\2026-04-02_\SLVL 4.c3d
	FP3	FP3	FP3	FP3	FP3	FP3	FP3	FP3	FP3
	COFP	COFP	COFP	COFP	COFP	COFP	COFP	COFP	COFP
	ORIGINAL	ORIGINAL	ORIGINAL	ORIGINAL	ORIGINAL	ORIGINAL	ORIGINAL	ORIGINAL	ORIGINAL
ITEM	X	Y	Z	X	Y	Z	X	Y	Z
1	0.3924	0.2589	0.0116	0.3848	0.2397	0.0115	0.3907	0.2954	0.0116
2	0.3930	0.2586	0.0116	0.3852	0.2398	0.0115	0.3908	0.2959	0.0116
3	0.3930	0.2582	0.0116	0.3844	0.2393	0.0115	0.3907	0.2951	0.0116
4	0.3934	0.2588	0.0116	0.3843	0.2400	0.0115	0.3909	0.2951	0.0116
5	0.3930	0.2588	0.0116	0.3833	0.2394	0.0115	0.3908	0.2953	0.0116
6	0.3936	0.2587	0.0116	0.3846	0.2398	0.0115	0.3905	0.2942	0.0116
7	0.3941	0.2589	0.0116	0.3846	0.2400	0.0115	0.3907	0.2950	0.0116
8	0.3936	0.2585	0.0116	0.3840	0.2396	0.0115	0.3916	0.2939	0.0116
9	0.3936	0.2589	0.0116	0.3845	0.2393	0.0115	0.3922	0.2936	0.0116
10	0.3930	0.2586	0.0116	0.3841	0.2398	0.0115	0.3910	0.2939	0.0116
11	0.3927	0.2584	0.0116	0.3844	0.2403	0.0115	0.3912	0.2935	0.0116
12	0.3940	0.2585	0.0116	0.3839	0.2400	0.0115	0.3913	0.2930	0.0116
13	0.3941	0.2582	0.0116	0.3844	0.2398	0.0115	0.3919	0.2930	0.0116
14	0.3941	0.2580	0.0116	0.3847	0.2402	0.0115	0.3912	0.2927	0.0116
15	0.3938	0.2582	0.0116	0.3840	0.2405	0.0115	0.3914	0.2921	0.0116
16	0.3941	0.2579	0.0116	0.3838	0.2406	0.0115	0.3914	0.2925	0.0116
17	0.3942	0.2583	0.0116	0.3845	0.2408	0.0115	0.3915	0.2920	0.0116
18	0.3937	0.2577	0.0116	0.3842	0.2404	0.0115	0.3918	0.2919	0.0116
19	0.3936	0.2579	0.0116	0.3842	0.2412	0.0115	0.3915	0.2913	0.0116
20	0.3941	0.2583	0.0116	0.3847	0.2415	0.0115	0.3921	0.2913	0.0116
21	0.3933	0.2577	0.0116	0.3842	0.2422	0.0115	0.3924	0.2911	0.0116
22	0.3940	0.2580	0.0116	0.3840	0.2421	0.0115	0.3919	0.2907	0.0116
23	0.3940	0.2576	0.0116	0.3845	0.2420	0.0115	0.3913	0.2900	0.0116
24	0.3941	0.2573	0.0116	0.3838	0.2423	0.0115	0.3918	0.2892	0.0116
25	0.3939	0.2581	0.0116	0.3831	0.2421	0.0115	0.3920	0.2889	0.0116
26	0.3939	0.2567	0.0116	0.3836	0.2430	0.0115	0.3923	0.2885	0.0116
27	0.3935	0.2572	0.0116	0.3839	0.2430	0.0115	0.3921	0.2880	0.0116
28	0.3946	0.2579	0.0116	0.3839	0.2420	0.0115	0.3922	0.2878	0.0116
29	0.3943	0.2573	0.0116	0.3837	0.2430	0.0115	0.3919	0.2875	0.0116
30	0.3939	0.2582	0.0116	0.3839	0.2435	0.0115	0.3924	0.2869	0.0116
31	0.3934	0.2576	0.0116	0.3832	0.2432	0.0115	0.3923	0.2870	0.0116
32	0.3944	0.2573	0.0116	0.3835	0.2436	0.0115	0.3922	0.2863	0.0116
33	0.3935	0.2572	0.0116	0.3839	0.2437	0.0115	0.3931	0.2860	0.0116
34	0.3934	0.2577	0.0116	0.3843	0.2439	0.0115	0.3923	0.2860	0.0116
35	0.3935	0.2575	0.0116	0.3830	0.2443	0.0115	0.3924	0.2857	0.0116
36	0.3936	0.2582	0.0116	0.3833	0.2444	0.0115	0.3924	0.2844	0.0116
37	0.3935	0.2575	0.0116	0.3833	0.2432	0.0115	0.3933	0.2842	0.0116
38	0.3935	0.2577	0.0116	0.3836	0.2435	0.0115	0.3921	0.2839	0.0116
39	0.3937	0.2583	0.0116	0.3833	0.2439	0.0115	0.3924	0.2833	0.0116
40	0.3936	0.2577	0.0116	0.3839	0.2439	0.0115	0.3933	0.2831	0.0116
41	0.3931	0.2582	0.0116	0.3833	0.2432	0.0115	0.3926	0.2833	0.0116
42	0.3922	0.2579	0.0116	0.3835	0.2437	0.0115	0.3931	0.2827	0.0116
43	0.3929	0.2576	0.0116	0.3834	0.2428	0.0115	0.3928	0.2819	0.0116
44	0.3930	0.2585	0.0116	0.3830	0.2437	0.0115	0.3920	0.2816	0.0116
45	0.3929	0.2577	0.0116	0.3830	0.2427	0.0115	0.3926	0.2816	0.0116
46	0.3925	0.2584	0.0116	0.3834	0.2435	0.0115	0.3930	0.2809	0.0116
47	0.3919	0.2584	0.0116	0.3834	0.2431	0.0115	0.3933	0.2806	0.0116
48	0.3921	0.2579	0.0116	0.3830	0.2426	0.0115	0.3932	0.2800	0.0116
49	0.3926	0.2579	0.0116	0.3835	0.2422	0.0115	0.3922	0.2802	0.0116
50	0.3919	0.2577	0.0116	0.3830	0.2418	0.0115	0.3934	0.2800	0.0116
51	0.3925	0.2585	0.0116	0.3836	0.2415	0.0115	0.3927	0.2793	0.0116
52	0.3918	0.2582	0.0116	0.3830	0.2411	0.0115	0.3928	0.2794	0.0116
53	0.3918	0.2581	0.0116	0.3825	0.2405	0.0115	0.3926	0.2794	0.0116
54	0.3921	0.2585	0.0116	0.3830	0.2409	0.0115	0.3928	0.2784	0.0116
55	0.3916	0.2584	0.0116	0.3833	0.2406	0.0115	0.3927	0.2783	0.0116
56	0.3916	0.2584	0.0116	0.3832	0.2403	0.0115	0.3924	0.2785	0.0116
57	0.3918	0.2582	0.0116	0.3826	0.2393	0.0115	0.3925	0.2786	0.0116
58	0.3915	0.2585	0.0116	0.3823	0.2388	0.0115	0.3923	0.2775	0.0116
59	0.3908	0.2585	0.0116	0.3825	0.2393	0.0115	0.3927	0.2775	0.0116
60	0.3903	0.2582	0.0116	0.3814	0.2386	0.0115	0.3922	0.2776	0.0116
61	0.3911	0.2576	0.0116	0.3820	0.2384	0.0115	0.3916	0.2779	0.0116
62	0.3910	0.2588	0.0116	0.3823	0.2378	0.0115	0.3925	0.2774	0.0116
63	0.3907	0.2585	0.0116	0.3817	0.2382	0.0115	0.3929	0.2778	0.0116
64	0.3906	0.2583	0.0116	0.3809	0.2379	0.0115	0.3922	0.2768	0.0116
65	0.3906	0.2585	0.0116	0.3815	0.2373	0.0115	0.3930	0.2775	0.0116
66	0.3897	0.2579	0.0116	0.3812	0.2373	0.0115	0.3924	0.2775	0.0116
67	0.3895	0.2577	0.0116	0.3815	0.2373	0.0115	0.3924	0.2767	0.0116
68	0.3897	0.2580	0.0116	0.3811	0.2370	0.0115	0.3926	0.2769	0.0116
69	0.3903	0.2576	0.0116	0.3817	0.2368	0.0115	0.3933	0.2765	0.0116
70	0.3883	0.2571	0.0115	0.3805	0.2362	0.0115	0.3924	0.2760	0.0116
71	0.3888	0.2576	0.0116	0.3802	0.2368	0.0115	0.3923	0.2767	0.0116
72	0.3889	0.2575	0.0116	0.3805	0.2364	0.0115	0.3930	0.2767	0.0116
73	0.3880	0.2569	0.0115	0.3803	0.2370	0.0115	0.3915	0.2766	0.0116
74	0.3882	0.2574	0.0115	0.3802	0.2362	0.0115	0.3920	0.2766	0.0116
75	0.3879	0.2567	0.0115	0.3802	0.2365	0.0115	0.3935	0.2763	0.0116
76	0.3874	0.2564	0.0115	0.3803	0.2363	0.0115	0.3923	0.2759	0.0116
77	0.3875	0.2567	0.0115	0.3803	0.2363	0.0115	0.3924	0.2764	0.0116
78	0.3875	0.2569	0.0115	0.3793	0.2363	0.0115	0.3920	0.2759	0.0116
79	0.3865	0.2562	0.0115	0.3798	0.2370	0.0115	0.3918	0.2761	0.0116
80	0.3873	0.2559	0.0115	0.3789	0.2361	0.0115	0.3916	0.2763	0.0116
81	0.3862	0.2560	0.0115	0.3788	0.2369	0.0115	0.3927	0.2763	0.0116
82	0.3871	0.2560	0.0115	0.3785	0.2364	0.0115	0.3915	0.2756	0.0116
83	0.3860	0.2550	0.0115	0.3785	0.2372	0.0115	0.3919	0.2762	0.0116
84	0.3857	0.2555	0.0115	0.3788	0.2371	0.0115	0.3919	0.2760	0.0116
85	0.3855	0.2553	0.0115	0.3778	0.2377	0.0115	0.3920	0.2757	0.0116
86	0.3864	0.2547	0.0115	0.3779	0.2376	0.0115	0.3916	0.2759	0.0116
87	0.3857	0.2546	0.0115	0.3772	0.2378	0.0115	0.3923	0.2762	0.0116
88	0.3848	0.2544	0.0115	0.3776	0.2379	0.0115	0.3918	0.2753	0.0116
89	0.3837	0.2546	0.0115	0.3770	0.2373	0.0115	0.3917	0.2757	0.0116
90	0.3842	0.2541	0.0115	0.3766	0.2376	0.0115	0.3916	0.2760	0.0116
91	0.3839	0.2542	0.0115	0.3766	0.2385	0.0115	0.3912	0.2757	0.0116
92	0.3827	0.2536	0.0115	0.3767	0.2386	0.0115	0.3916	0.2759	0.0116
93	0.3833	0.2542	0.0115	0.3764	0.2391	0.0115	0.3912	0.2759	0.0116
94	0.3822	0.2545	0.0115	0.3760	0.2393	0.0115	0.3914	0.2761	0.0116
95	0.3821	0.2539	0.0115	0.3755	0.2391	0.0115	0.3911	0.2753	0.0116
96	0.3817	0.2543	0.0115	0.3754	0.2392	0.0115	0.3915	0.2750	0.0116
97	0.3819	0.2525	0.0115	0.3752	0.2396	0.0115	0.3911	0.2757	0.0116
98	0.3824	0.2539	0.0115	0.3747	0.2397	0.0115	0.3907	0.2753	0.0116
99	0.3820	0.2530	0.0115	0.3744	0.2402	0.0115	0.3912	0.2754	0.0116
100	0.3813	0.2525	0.0115	0.3742	0.2405	0.0115	0.3906	0.2751	0.0116
101	0.3809	0.2529	0.0115	0.3737	0.2403	0.0115	0.3911	0.2754	0.0116
102	0.3799	0.2542	0.0115	0.3738	0.2404	0.0115	0.3905	0.2752	0.0116
103	0.3802	0.2526	0.0115	0.3735	0.2402	0.0115	0.3904	0.2754	0.0116
104	0.3805	0.2530	0.0115	0.3737	0.2401	0.0115	0.3913	0.2754	0.0116
105	0.3803	0.2526	0.0115	0.3738	0.2410	0.0115	0.3905	0.2747	0.0116
106	0.3791	0.2528	0.0115	0.3730	0.2401	0.0115	0.3904	0.2755	0.0116
107	0.3788	0.2527	0.0115	0.3725	0.2403	0.0115	0.3912	0.2750	0.0116
108	0.3791	0.2528	0.0115	0.3732	0.2403	0.0115	0.3904	0.2746	0.0116
109	0.3778	0.2531	0.0115	0.3720	0.2407	0.0115	0.3907	0.2745	0.0116
110	0.3780	0.2528	0.0115	0.3719	0.2410	0.0115	0.3904	0.2753	0.0116
111	0.3774	0.2529	0.0115	0.3727	0.2406	0.0115	0.3903	0.2748	0.0116
112	0.3773	0.2520	0.0115	0.3719	0.2404	0.0115	0.3903	0.2751	0.0116
113	0.3770	0.2516	0.0115	0.3722	0.2402	0.0115	0.3904	0.2746	0.0116
114	0.3755	0.2519	0.0115	0.3722	0.2405	0.0115	0.3903	0.2741	0.0116
115	0.3755	0.2516	0.0115	0.3716	0.2404	0.0115	0.3903	0.2746	0.0116
116	0.3761	0.2524	0.0115	0.3715	0.2400	0.0115	0.3903	0.2741	0.0116
117	0.3760	0.2519	0.0115	0.3715	0.2405	0.0115	0.3903	0.2745	0.0116
118	0.3753	0.2519	0.0115	0.3719	0.2402	0.0115	0.3898	0.2736	0.0116
119	0.3756	0.2523	0.0115	0.3712	0.2403	0.0115	0.3914	0.2743	0.0116
120	0.3746	0.2521	0.0115	0.3716	0.2401	0.0115	0.3906	0.2740	0.0116
121	0.3742	0.2518	0.0115	0.3710	0.2402	0.0115	0.3900	0.2744	0.0116
122	0.3738	0.2521	0.0115	0.3715	0.2401	0.0115	0.3905	0.2739	0.0116
123	0.3743	0.2516	0.0115	0.3712	0.2404	0.0115	0.3897	0.2741	0.0116
124	0.3726	0.2524	0.0115	0.3709	0.2401	0.0115	0.3897	0.2733	0.0116
125	0.3733	0.2512	0.0115	0.3714	0.2405	0.0115	0.3906	0.2740	0.0116
126	0.3729	0.2521	0.0115	0.3718	0.2410	0.0115	0.3910	0.2734	0.0116
127	0.3728	0.2520	0.0115	0.3711	0.2402	0.0115	0.3900	0.2735	0.0116
128	0.3730	0.2525	0.0115	0.3713	0.2409	0.0115	0.3906	0.2739	0.0116
129	0.3722	0.2516	0.0115	0.3708	0.2411	0.0115	0.3911	0.2734	0.0116
130	0.3722	0.2518	0.0115	0.3715	0.2412	0.0115	0.3912	0.2733	0.0116
131	0.3713	0.2519	0.0115	0.3712	0.2409	0.0115	0.3900	0.2725	0.0116
132	0.3712	0.2513	0.0115	0.3713	0.2413	0.0115	0.3909	0.2732	0.0116
133	0.3723	0.2526	0.0115	0.3710	0.2415	0.0115	0.3904	0.2728	0.0116
134	0.3714	0.2516	0.0115	0.3711	0.2416	0.0115	0.3903	0.2730	0.0116
135	0.3710	0.2521	0.0115	0.3710	0.2417	0.0115	0.3909	0.2730	0.0116
136	0.3705	0.2517	0.0115	0.3714	0.2418	0.0115	0.3913	0.2727	0.0116
137	0.3697	0.2522	0.0115	0.3715	0.2423	0.0115	0.3911	0.2733	0.0116
138	0.3702	0.2521	0.0115	0.3708	0.2424	0.0115	0.3912	0.2728	0.0116
139	0.3693	0.2522	0.0115	0.3720	0.2428	0.0115	0.3911	0.2735	0.0116
140	0.3696	0.2521	0.0115	0.3717	0.2430	0.0115	0.3911	0.2729	0.0116
141	0.3692	0.2524	0.0115	0.3721	0.2432	0.0115	0.3910	0.2735	0.0116
142	0.3687	0.2528	0.0115	0.3721	0.2431	0.0115	0.3911	0.2730	0.0116
143	0.3683	0.2526	0.0115	0.3719	0.2427	0.0115	0.3911	0.2736	0.0116
144	0.3678	0.2526	0.0115	0.3719	0.2434	0.0115	0.3912	0.2738	0.0116
145	0.3681	0.2528	0.0115	0.3725	0.2439	0.0115	0.3910	0.2728	0.0116
146	0.3679	0.2526	0.0115	0.3724	0.2434	0.0115	0.3909	0.2733	0.0116
147	0.3668	0.2526	0.0115	0.3724	0.2432	0.0115	0.3916	0.2735	0.0116
148	0.3672	0.2537	0.0115	0.3723	0.2436	0.0115	0.3909	0.2733	0.0116
149	0.3674	0.2534	0.0115	0.3728	0.2441	0.0115	0.3914	0.2736	0.0116
150	0.3669	0.2541	0.0115	0.3723	0.2443	0.0115	0.3911	0.2736	0.0116
151	0.3668	0.2544	0.0115	0.3731	0.2448	0.0115	0.3913	0.2739	0.0116
152	0.3663	0.2538	0.0115	0.3729	0.2447	0.0115	0.3912	0.2740	0.0116
153	0.3669	0.2543	0.0115	0.3734	0.2446	0.0115	0.3911	0.2740	0.0116
154	0.3664	0.2551	0.0115	0.3731	0.2450	0.0115	0.3913	0.2741	0.0116
155	0.3664	0.2549	0.0115	0.3737	0.2451	0.0115	0.3909	0.2741	0.0116
156	0.3653	0.2554	0.0115	0.3732	0.2451	0.0115	0.3911	0.2739	0.0116
157	0.3655	0.2560	0.0115	0.3735	0.2453	0.0115	0.3909	0.2742	0.0116
158	0.3660	0.2554	0.0115	0.3736	0.2452	0.0115	0.3913	0.2745	0.0116
159	0.3662	0.2557	0.0115	0.3736	0.2454	0.0115	0.3915	0.2749	0.0116
160	0.3659	0.2556	0.0115	0.3740	0.2452	0.0115	0.3910	0.2751	0.0116
161	0.3655	0.2561	0.0115	0.3744	0.2455	0.0115	0.3912	0.2753	0.0116
162	0.3662	0.2563	0.0115	0.3744	0.2456	0.0115	0.3905	0.2752	0.0116
163	0.3655	0.2563	0.0115	0.3744	0.2455	0.0115	0.3911	0.2751	0.0116
164	0.3658	0.2570	0.0115	0.3747	0.2456	0.0115	0.3911	0.2754	0.0116
165	0.3662	0.2568	0.0115	0.3750	0.2456	0.0115	0.3914	0.2758	0.0116
166	0.3665	0.2568	0.0115	0.3752	0.2457	0.0115	0.3912	0.2758	0.0116
167	0.3656	0.2574	0.0115	0.3747	0.2455	0.0115	0.3909	0.2760	0.0116
168	0.3659	0.2575	0.0115	0.3757	0.2458	0.0115	0.3912	0.2758	0.0116
169	0.3659	0.2572	0.0115	0.3754	0.2453	0.0115	0.3906	0.2765	0.0116
170	0.3667	0.2575	0.0115	0.3759	0.2455	0.0115	0.3909	0.2764	0.0116
171	0.3653	0.2574	0.0115	0.3757	0.2452	0.0115	0.3904	0.2765	0.0116
172	0.3658	0.2575	0.0115	0.3762	0.2450	0.0115	0.3906	0.2766	0.0116
173	0.3658	0.2576	0.0115	0.3761	0.2449	0.0115	0.3909	0.2767	0.0116
174	0.3655	0.2574	0.0115	0.3758	0.2447	0.0115	0.3909	0.2766	0.0116
175	0.3660	0.2575	0.0115	0.3767	0.2450	0.0115	0.3907	0.2774	0.0116
176	0.3655	0.2572	0.0115	0.3765	0.2451	0.0115	0.3912	0.2771	0.0116
177	0.3662	0.2573	0.0115	0.3764	0.2444	0.0115	0.3911	0.2764	0.0116
178	0.3664	0.2572	0.0115	0.3766	0.2444	0.0115	0.3911	0.2767	0.0116
179	0.3666	0.2573	0.0115	0.3772	0.2446	0.0115	0.3912	0.2769	0.0116
180	0.3671	0.2572	0.0115	0.3778	0.2445	0.0115	0.3907	0.2771	0.0116
181	0.3673	0.2565	0.0115	0.3777	0.2445	0.0115	0.3912	0.2774	0.0116
182	0.3674	0.2558	0.0115	0.3777	0.2442	0.0115	0.3913	0.2771	0.0116
183	0.3678	0.2566	0.0115	0.3778	0.2440	0.0115	0.3915	0.2775	0.0116
184	0.3679	0.2559	0.0115	0.3778	0.2438	0.0115	0.3914	0.2774	0.0116
185	0.3683	0.2562	0.0115	0.3780	0.2440	0.0115	0.3911	0.2775	0.0116
186	0.3688	0.2547	0.0115	0.3781	0.2435	0.0115	0.3908	0.2772	0.0116
187	0.3685	0.2553	0.0115	0.3782	0.2436	0.0115	0.3915	0.2774	0.0116
188	0.3683	0.2549	0.0115	0.3786	0.2432	0.0115	0.3907	0.2771	0.0116
189	0.3692	0.2542	0.0115	0.3789	0.2434	0.0115	0.3914	0.2774	0.0116
190	0.3694	0.2544	0.0115	0.3791	0.2433	0.0115	0.3914	0.2774	0.0116
191	0.3695	0.2542	0.0115	0.3796	0.2432	0.0115	0.3916	0.2779	0.0116
192	0.3694	0.2533	0.0115	0.3796	0.2431	0.0115	0.3913	0.2776	0.0116
193	0.3697	0.2531	0.0115	0.3799	0.2430	0.0115	0.3911	0.2778	0.0116
194	0.3696	0.2528	0.0115	0.3801	0.2429	0.0115	0.3913	0.2777	0.0116
195	0.3706	0.2528	0.0115	0.3801	0.2429	0.0115	0.3912	0.2774	0.0116
196	0.3696	0.2518	0.0115	0.3804	0.2427	0.0115	0.3918	0.2777	0.0116
197	0.3695	0.2521	0.0115	0.3806	0.2429	0.0115	0.3911	0.2772	0.0116
198	0.3699	0.2515	0.0115	0.3807	0.2424	0.0115	0.3913	0.2772	0.0116
199	0.3700	0.2513	0.0115	0.3810	0.2423	0.0115	0.3912	0.2774	0.0116
200	0.3707	0.2513	0.0115	0.3811	0.2421	0.0115	0.3915	0.2775	0.0116
201	0.3706	0.2513	0.0115	0.3814	0.2424	0.0115	0.3912	0.2776	0.0116
202	0.3703	0.2505	0.0115	0.3817	0.2420	0.0115	0.3916	0.2775	0.0116
203	0.3709	0.2506	0.0115	0.3817	0.2422	0.0115	0.3912	0.2773	0.0116
204	0.3713	0.2506	0.0115	0.3820	0.2422	0.0115	0.3916	0.2774	0.0116
205	0.3710	0.2502	0.0115	0.3822	0.2423	0.0115	0.3917	0.2776	0.0116
206	0.3712	0.2495	0.0115	0.3822	0.2419	0.0115	0.3916	0.2773	0.0116
207	0.3718	0.2501	0.0115	0.3828	0.2421	0.0115	0.3917	0.2770	0.0116
208	0.3720	0.2499	0.0115	0.3828	0.2422	0.0115	0.3917	0.2767	0.0116
209	0.3725	0.2490	0.0115	0.3831	0.2419	0.0115	0.3914	0.2771	0.0116
210	0.3721	0.2496	0.0115	0.3833	0.2417	0.0115	0.3911	0.2771	0.0116
211	0.3725	0.2495	0.0115	0.3835	0.2423	0.0115	0.3911	0.2774	0.0116
212	0.3724	0.2490	0.0115	0.3836	0.2420	0.0115	0.3915	0.2771	0.0116
213	0.3722	0.2488	0.0115	0.3837	0.2422	0.0115	0.3913	0.2766	0.0116
214	0.3724	0.2492	0.0115	0.3836	0.2423	0.0115	0.3913	0.2769	0.0116
215	0.3731	0.2491	0.0115	0.3839	0.2420	0.0115	0.3914	0.2768	0.0116
216	0.3733	0.2487	0.0115	0.3837	0.2421	0.0115	0.3917	0.2764	0.0116
217	0.3737	0.2486	0.0115	0.3840	0.2423	0.0115	0.3915	0.2766	0.0116
218	0.3733	0.2488	0.0115	0.3842	0.2424	0.0115	0.3918	0.2764	0.0116
219	0.3738	0.2487	0.0115	0.3838	0.2424	0.0115	0.3913	0.2764	0.0116
220	0.3741	0.2479	0.0115	0.3841	0.2425	0.0115	0.3914	0.2768	0.0116
221	0.3741	0.2481	0.0115	0.3841	0.2426	0.0115	0.3916	0.2765	0.0116
222	0.3748	0.2478	0.0115	0.3841	0.2428	0.0115	0.3920	0.2763	0.0116
223	0.3746	0.2478	0.0115	0.3839	0.2430	0.0115	0.3920	0.2769	0.0116
224	0.3754	0.2478	0.0115	0.3839	0.2432	0.0115	0.3923	0.2765	0.0116
225	0.3751	0.2475	0.0115	0.3842	0.2431	0.0115	0.3920	0.2762	0.0116
226	0.3757	0.2479	0.0115	0.3841	0.2435	0.0115	0.3917	0.2764	0.0116
227	0.3756	0.2478	0.0115	0.3847	0.2438	0.0115	0.3919	0.2763	0.0116
228	0.3762	0.2474	0.0115	0.3842	0.2439	0.0115	0.3921	0.2766	0.0116
229	0.3764	0.2476	0.0115	0.3845	0.2438	0.0115	0.3922	0.2764	0.0116
230	0.3766	0.2472	0.0115	0.3842	0.2439	0.0115	0.3927	0.2766	0.0116
231	0.3768	0.2471	0.0115	0.3842	0.2445	0.0115	0.3920	0.2768	0.0116
232	0.3775	0.2472	0.0115	0.3845	0.2446	0.0115	0.3923	0.2765	0.0116
233	0.3773	0.2472	0.0115	0.3845	0.2447	0.0115	0.3922	0.2768	0.0116
234	0.3774	0.2475	0.0115	0.3842	0.2449	0.0115	0.3926	0.2765	0.0116
235	0.3775	0.2473	0.0115	0.3847	0.2452	0.0115	0.3921	0.2765	0.0116
236	0.3780	0.2468	0.0115	0.3845	0.2451	0.0115	0.3924	0.2766	0.0116
237	0.3776	0.2470	0.0115	0.3846	0.2454	0.0115	0.3922	0.2767	0.0116
238	0.3782	0.2468	0.0115	0.3847	0.2455	0.0115	0.3925	0.2765	0.0116
239	0.3787	0.2465	0.0115	0.3848	0.2457	0.0115	0.3925	0.2767	0.0116
240	0.3788	0.2468	0.0115	0.3846	0.2460	0.0115	0.3928	0.2766	0.0116
241	0.3788	0.2464	0.0115	0.3847	0.2466	0.0115	0.3927	0.2771	0.0116
242	0.3790	0.2465	0.0115	0.3852	0.2465	0.0115	0.3922	0.2773	0.0116
243	0.3789	0.2467	0.0115	0.3848	0.2468	0.0115	0.3928	0.2769	0.0116
244	0.3792	0.2468	0.0115	0.3849	0.2467	0.0115	0.3925	0.2776	0.0116
245	0.3796	0.2469	0.0115	0.3851	0.2472	0.0115	0.3929	0.2775	0.0116
246	0.3795	0.2466	0.0115	0.3852	0.2471	0.0115	0.3924	0.2780	0.0116
247	0.3801	0.2469	0.0115	0.3846	0.2470	0.0115	0.3922	0.2776	0.0116
248	0.3801	0.2469	0.0115	0.3851	0.2474	0.0115	0.3924	0.2779	0.0116
249	0.3801	0.2468	0.0115	0.3849	0.2477	0.0115	0.3921	0.2778	0.0116
250	0.3805	0.2465	0.0115	0.3848	0.2476	0.0115	0.3923	0.2779	0.0116
251	0.3809	0.2470	0.0115	0.3850	0.2479	0.0115	0.3921	0.2778	0.0116
252	0.3805	0.2469	0.0115	0.3853	0.2477	0.0115	0.3919	0.2782	0.0116
253	0.3808	0.2472	0.0115	0.3851	0.2479	0.0115	0.3922	0.2784	0.0116
254	0.3813	0.2475	0.0115	0.3851	0.2478	0.0115	0.3921	0.2785	0.0116
255	0.3812	0.2475	0.0115	0.3850	0.2480	0.0115	0.3919	0.2785	0.0116
256	0.3815	0.2476	0.0115	0.3851	0.2483	0.0115	0.3925	0.2786	0.0116
257	0.3816	0.2477	0.0115	0.3851	0.2482	0.0115	0.3921	0.2788	0.0116
258	0.3816	0.2475	0.0115	0.3852	0.2479	0.0115	0.3918	0.2789	0.0116
259	0.3818	0.2480	0.0115	0.3853	0.2481	0.0115	0.3919	0.2792	0.0116
260	0.3820	0.2479	0.0115	0.3853	0.2482	0.0115	0.3920	0.2792	0.0116
261	0.3823	0.2484	0.0115	0.3851	0.2485	0.0115	0.3922	0.2789	0.0116
262	0.3822	0.2484	0.0115	0.3852	0.2481	0.0115	0.3920	0.2791	0.0116
263	0.3825	0.2487	0.0115	0.3850	0.2483	0.0115	0.3919	0.2794	0.0116
264	0.3827	0.2492	0.0115	0.3851	0.2484	0.0115	0.3915	0.2793	0.0116
265	0.3831	0.2490	0.0115	0.3850	0.2481	0.0115	0.3913	0.2791	0.0116
266	0.3832	0.2493	0.0115	0.3849	0.2483	0.0115	0.3915	0.2796	0.0116
267	0.3831	0.2497	0.0115	0.3850	0.2483	0.0115	0.3919	0.2797	0.0116
268	0.3835	0.2497	0.0115	0.3848	0.2484	0.0115	0.3913	0.2797	0.0116
269	0.3833	0.2494	0.0115	0.3849	0.2481	0.0115	0.3916	0.2802	0.0116
270	0.3836	0.2500	0.0115	0.3850	0.2484	0.0115	0.3905	0.2795	0.0116
271	0.3838	0.2503	0.0115	0.3848	0.2486	0.0115	0.3914	0.2798	0.0116
272	0.3840	0.2506	0.0115	0.3847	0.2487	0.0115	0.3909	0.2797	0.0116
273	0.3840	0.2505	0.0115	0.3847	0.2489	0.0115	0.3913	0.2799	0.0116
274	0.3847	0.2508	0.0115	0.3844	0.2491	0.0115	0.3909	0.2802	0.0116
275	0.3849	0.2510	0.0115	0.3846	0.2489	0.0115	0.3905	0.2801	0.0116
276	0.3849	0.2512	0.0115	0.3841	0.2490	0.0115	0.3909	0.2800	0.0116
277	0.3848	0.2516	0.0115	0.3843	0.2488	0.0115	0.3905	0.2798	0.0116
278	0.3849	0.2515	0.0115	0.3843	0.2491	0.0115	0.3904	0.2798	0.0116
279	0.3854	0.2519	0.0115	0.3843	0.2492	0.0115	0.3906	0.2797	0.0116
280	0.3854	0.2520	0.0115	0.3838	0.2492	0.0115	0.3901	0.2797	0.0116
281	0.3854	0.2524	0.0115	0.3841	0.2490	0.0115	0.3903	0.2797	0.0116
282	0.3855	0.2524	0.0115	0.3838	0.2491	0.0115	0.3899	0.2799	0.0116
283	0.3857	0.2525	0.0115	0.3839	0.2490	0.0115	0.3903	0.2798	0.0116
284	0.3861	0.2526	0.0115	0.3835	0.2492	0.0115	0.3896	0.2798	0.0116
285	0.3858	0.2529	0.0115	0.3832	0.2494	0.0115	0.3894	0.2795	0.0116
286	0.3865	0.2527	0.0115	0.3834	0.2493	0.0115	0.3893	0.2794	0.0116
287	0.3865	0.2528	0.0115	0.3836	0.2494	0.0115	0.3891	0.2792	0.0116
288	0.3867	0.2529	0.0115	0.3833	0.2492	0.0115	0.3888	0.2794	0.0116
289	0.3869	0.2530	0.0115	0.3828	0.2495	0.0115	0.3884	0.2795	0.0116
290	0.3871	0.2533	0.0115	0.3826	0.2494	0.0115	0.3887	0.2792	0.0116
291	0.3869	0.2534	0.0115	0.3829	0.2494	0.0115	0.3883	0.2795	0.0116
292	0.3872	0.2534	0.0115	0.3823	0.2495	0.0115	0.3881	0.2795	0.0116
293	0.3875	0.2535	0.0115	0.3822	0.2496	0.0115	0.3883	0.2795	0.0116
294	0.3874	0.2537	0.0115	0.3822	0.2491	0.0115	0.3880	0.2793	0.0116
295	0.3879	0.2538	0.0115	0.3819	0.2494	0.0115	0.3874	0.2796	0.0116
296	0.3878	0.2540	0.0115	0.3817	0.2491	0.0115	0.3874	0.2793	0.0116
297	0.3880	0.2542	0.0115	0.3815	0.2494	0.0115	0.3871	0.2795	0.0116
298	0.3879	0.2541	0.0115	0.3813	0.2494	0.0115	0.3869	0.2794	0.0116
299	0.3881	0.2544	0.0115	0.3812	0.2493	0.0115	0.3865	0.2795	0.0116
300	0.3885	0.2546	0.0115	0.3810	0.2489	0.0115	0.3864	0.2796	0.0116
301	0.3879	0.2546	0.0115	0.3808	0.2493	0.0115	0.3864	0.2796	0.0116
302	0.3883	0.2548	0.0115	0.3807	0.2493	0.0115	0.3859	0.2794	0.0116
303	0.3884	0.2547	0.0115	0.3803	0.2493	0.0115	0.3859	0.2798	0.0116
304	0.3885	0.2551	0.0115	0.3801	0.2492	0.0115	0.3856	0.2798	0.0116
305	0.3890	0.2554	0.0115	0.3800	0.2489	0.0115	0.3854	0.2798	0.0116
306	0.3886	0.2554	0.0115	0.3798	0.2490	0.0115	0.3849	0.2797	0.0116
307	0.3885	0.2557	0.0115	0.3799	0.2491	0.0115	0.3847	0.2796	0.0116
308	0.3891	0.2559	0.0115	0.3794	0.2489	0.0115	0.3841	0.2796	0.0116
309	0.3886	0.2560	0.0115	0.3789	0.2493	0.0115	0.3841	0.2802	0.0116
310	0.3889	0.2558	0.0115	0.3789	0.2493	0.0115	0.3837	0.2801	0.0116
311	0.3894	0.2566	0.0115	0.3785	0.2492	0.0115	0.3837	0.2799	0.0116
312	0.3891	0.2565	0.0115	0.3786	0.2490	0.0115	0.3836	0.2802	0.0116
313	0.3890	0.2568	0.0115	0.3783	0.2493	0.0115	0.3832	0.2804	0.0116
314	0.3892	0.2570	0.0115	0.3783	0.2496	0.0115	0.3830	0.2802	0.0116
315	0.3893	0.2573	0.0116	0.3781	0.2496	0.0115	0.3824	0.2802	0.0116
316	0.3895	0.2572	0.0116	0.3777	0.2495	0.0115	0.3822	0.2805	0.0116
317	0.3893	0.2575	0.0116	0.3773	0.2495	0.0115	0.3821	0.2801	0.0116
318	0.3895	0.2576	0.0116	0.3775	0.2495	0.0115	0.3819	0.2802	0.0116
319	0.3895	0.2581	0.0116	0.3768	0.2496	0.0115	0.3818	0.2805	0.0116
320	0.3894	0.2582	0.0116	0.3772	0.2495	0.0115	0.3816	0.2807	0.0116
321	0.3897	0.2581	0.0116	0.3765	0.2498	0.0115	0.3814	0.2806	0.0116
322	0.3899	0.2585	0.0116	0.3763	0.2500	0.0115	0.3806	0.2807	0.0116
323	0.3894	0.2587	0.0116	0.3762	0.2499	0.0115	0.3806	0.2805	0.0116
324	0.3895	0.2589	0.0116	0.3763	0.2501	0.0115	0.3801	0.2808	0.0116
325	0.3896	0.2593	0.0116	0.3758	0.2503	0.0115	0.3806	0.2806	0.0116
326	0.3897	0.2594	0.0116	0.3757	0.2502	0.0115	0.3800	0.2808	0.0116
327	0.3896	0.2597	0.0116	0.3754	0.2503	0.0115	0.3798	0.2809	0.0116
328	0.3896	0.2605	0.0116	0.3754	0.2504	0.0115	0.3795	0.2809	0.0116
329	0.3899	0.2607	0.0116	0.3754	0.2503	0.0115	0.3799	0.2813	0.0116
330	0.3896	0.2612	0.0116	0.3748	0.2505	0.0115	0.3791	0.2809	0.0116
331	0.3898	0.2613	0.0116	0.3751	0.2504	0.0115	0.3791	0.2811	0.0116
332	0.3903	0.2618	0.0116	0.3749	0.2505	0.0115	0.3789	0.2814	0.0116
333	0.3899	0.2625	0.0116	0.3746	0.2505	0.0115	0.3787	0.2814	0.0116
334	0.3899	0.2629	0.0116	0.3746	0.2507	0.0115	0.3790	0.2815	0.0116
335	0.3896	0.2630	0.0116	0.3741	0.2503	0.0115	0.3782	0.2816	0.0116
336	0.3898	0.2633	0.0116	0.3743	0.2504	0.0115	0.3781	0.2817	0.0116
337	0.3897	0.2636	0.0116	0.3744	0.2502	0.0115	0.3780	0.2817	0.0116
338	0.3900	0.2641	0.0116	0.3742	0.2504	0.0115	0.3778	0.2818	0.0116
339	0.3900	0.2649	0.0116	0.3746	0.2502	0.0115	0.3771	0.2815	0.0116
340	0.3898	0.2649	0.0116	0.3741	0.2505	0.0115	0.3777	0.2818	0.0116
341	0.3896	0.2658	0.0116	0.3740	0.2499	0.0115	0.3774	0.2825	0.0116
342	0.3893	0.2661	0.0116	0.3737	0.2498	0.0115	0.3773	0.2822	0.0116
343	0.3900	0.2662	0.0116	0.3742	0.2499	0.0115	0.3769	0.2821	0.0116
344	0.3896	0.2671	0.0116	0.3741	0.2495	0.0115	0.3769	0.2825	0.0116
345	0.3898	0.2675	0.0116	0.3741	0.2492	0.0115	0.3769	0.2825	0.0116
346	0.3896	0.2678	0.0116	0.3740	0.2493	0.0115	0.3768	0.2829	0.0116
347	0.3895	0.2684	0.0116	0.3735	0.2489	0.0115	0.3764	0.2824	0.0116
348	0.3899	0.2688	0.0116	0.3736	0.2488	0.0115	0.3763	0.2826	0.0116
349	0.3894	0.2690	0.0116	0.3735	0.2484	0.0115	0.3759	0.2827	0.0116
350	0.3891	0.2696	0.0116	0.3737	0.2482	0.0115	0.3760	0.2830	0.0116
351	0.3897	0.2699	0.0116	0.3738	0.2478	0.0115	0.3763	0.2830	0.0116
352	0.3896	0.2700	0.0116	0.3737	0.2475	0.0115	0.3756	0.2833	0.0116
353	0.3897	0.2705	0.0116	0.3736	0.2473	0.0115	0.3756	0.2835	0.0116
354	0.3894	0.2708	0.0116	0.3736	0.2471	0.0115	0.3754	0.2835	0.0116
355	0.3898	0.2710	0.0116	0.3734	0.2469	0.0115	0.3755	0.2835	0.0116
356	0.3896	0.2711	0.0116	0.3737	0.2472	0.0115	0.3751	0.2835	0.0116
357	0.3898	0.2715	0.0116	0.3737	0.2469	0.0115	0.3753	0.2837	0.0116
358	0.3899	0.2719	0.0116	0.3738	0.2464	0.0115	0.3749	0.2838	0.0116
359	0.3898	0.2718	0.0116	0.3737	0.2463	0.0115	0.3746	0.2835	0.0116
360	0.3900	0.2717	0.0116	0.3741	0.2460	0.0115	0.3746	0.2837	0.0116
361	0.3901	0.2720	0.0116	0.3739	0.2459	0.0115	0.3746	0.2840	0.0116
362	0.3901	0.2720	0.0116	0.3740	0.2458	0.0115	0.3745	0.2842	0.0116
363	0.3904	0.2722	0.0116	0.3738	0.2453	0.0115	0.3744	0.2838	0.0116
364	0.3901	0.2725	0.0116	0.3737	0.2452	0.0115	0.3741	0.2842	0.0116
365	0.3903	0.2720	0.0116	0.3734	0.2452	0.0115	0.3741	0.2842	0.0116
366	0.3903	0.2721	0.0116	0.3742	0.2448	0.0115	0.3739	0.2842	0.0116
367	0.3907	0.2722	0.0116	0.3738	0.2449	0.0115	0.3741	0.2841	0.0116
368	0.3909	0.2721	0.0116	0.3740	0.2447	0.0115	0.3735	0.2842	0.0116
369	0.3907	0.2722	0.0116	0.3739	0.2442	0.0115	0.3734	0.2843	0.0116
370	0.3910	0.2718	0.0116	0.3742	0.2443	0.0115	0.3733	0.2845	0.0116
371	0.3910	0.2721	0.0116	0.3740	0.2444	0.0115	0.3734	0.2845	0.0116
372	0.3911	0.2720	0.0116	0.3739	0.2440	0.0115	0.3734	0.2847	0.0116
373	0.3909	0.2718	0.0116	0.3745	0.2441	0.0115	0.3737	0.2847	0.0116
374	0.3910	0.2715	0.0116	0.3742	0.2438	0.0115	0.3733	0.2852	0.0116
375	0.3912	0.2716	0.0116	0.3744	0.2438	0.0115	0.3732	0.2849	0.0116
376	0.3915	0.2717	0.0116	0.3744	0.2439	0.0115	0.3731	0.2851	0.0116
377	0.3915	0.2716	0.0116	0.3746	0.2439	0.0115	0.3730	0.2855	0.0116
378	0.3915	0.2712	0.0116	0.3745	0.2434	0.0115	0.3730	0.2851	0.0116
379	0.3916	0.2713	0.0116	0.3749	0.2440	0.0115	0.3732	0.2851	0.0116
380	0.3921	0.2711	0.0116	0.3747	0.2439	0.0115	0.3729	0.2853	0.0116
381	0.3923	0.2709	0.0116	0.3752	0.2438	0.0115	0.3731	0.2856	0.0116
382	0.3920	0.2704	0.0116	0.3752	0.2437	0.0115	0.3729	0.2856	0.0116
383	0.3923	0.2701	0.0116	0.3753	0.2438	0.0115	0.3737	0.2854	0.0116
384	0.3922	0.2703	0.0116	0.3757	0.2438	0.0115	0.3734	0.2853	0.0116
385	0.3924	0.2699	0.0116	0.3754	0.2438	0.0115	0.3734	0.2855	0.0116
386	0.3926	0.2697	0.0116	0.3755	0.2442	0.0115	0.3735	0.2854	0.0116
387	0.3920	0.2697	0.0116	0.3760	0.2440	0.0115	0.3739	0.2855	0.0116
388	0.3927	0.2697	0.0116	0.3760	0.2442	0.0115	0.3734	0.2858	0.0116
389	0.3924	0.2692	0.0116	0.3763	0.2443	0.0115	0.3735	0.2857	0.0116
390	0.3927	0.2693	0.0116	0.3761	0.2443	0.0115	0.3736	0.2860	0.0116
391	0.3928	0.2691	0.0116	0.3763	0.2444	0.0115	0.3736	0.2860	0.0116
392	0.3933	0.2690	0.0116	0.3768	0.2444	0.0115	0.3735	0.2860	0.0116
393	0.3933	0.2687	0.0116	0.3765	0.2447	0.0115	0.3736	0.2862	0.0116
394	0.3934	0.2686	0.0116	0.3772	0.2444	0.0115	0.3736	0.2865	0.0116
395	0.3937	0.2685	0.0116	0.3770	0.2447	0.0115	0.3738	0.2863	0.0116
396	0.3935	0.2683	0.0116	0.3772	0.2448	0.0115	0.3740	0.2864	0.0116
397	0.3938	0.2681	0.0116	0.3772	0.2450	0.0115	0.3742	0.2866	0.0116
398	0.3940	0.2681	0.0116	0.3777	0.2449	0.0115	0.3741	0.2866	0.0116
399	0.3942	0.2679	0.0116	0.3777	0.2451	0.0115	0.3742	0.2870	0.0116
400	0.3944	0.2677	0.0116	0.3785	0.2456	0.0115	0.3746	0.2867	0.0116
401	0.3943	0.2680	0.0116	0.3783	0.2455	0.0115	0.3748	0.2870	0.0116
402	0.3943	0.2675	0.0116	0.3782	0.2455	0.0115	0.3747	0.2870	0.0116
403	0.3943	0.2671	0.0116	0.3787	0.2453	0.0115	0.3750	0.2873	0.0116
404	0.3944	0.2672	0.0116	0.3791	0.2456	0.0115	0.3749	0.2871	0.0116
405	0.3946	0.2667	0.0116	0.3787	0.2458	0.0115	0.3751	0.2875	0.0116
406	0.3947	0.2667	0.0116	0.3790	0.2453	0.0115	0.3752	0.2877	0.0116
407	0.3948	0.2667	0.0116	0.3793	0.2457	0.0115	0.3756	0.2877	0.0116
408	0.3950	0.2667	0.0116	0.3796	0.2456	0.0115	0.3757	0.2878	0.0116
409	0.3951	0.2663	0.0116	0.3799	0.2458	0.0115	0.3759	0.2880	0.0116
410	0.3954	0.2664	0.0116	0.3799	0.2459	0.0115	0.3765	0.2881	0.0116
411	0.3958	0.2663	0.0116	0.3805	0.2460	0.0115	0.3761	0.2881	0.0116
412	0.3957	0.2660	0.0116	0.3804	0.2458	0.0115	0.3768	0.2882	0.0116
413	0.3959	0.2662	0.0116	0.3804	0.2459	0.0115	0.3770	0.2885	0.0116
414	0.3961	0.2659	0.0116	0.3809	0.2460	0.0115	0.3769	0.2886	0.0116
415	0.3960	0.2658	0.0116	0.3808	0.2463	0.0115	0.3769	0.2886	0.0116
416	0.3960	0.2656	0.0116	0.3811	0.2465	0.0115	0.3772	0.2889	0.0116
417	0.3964	0.2656	0.0116	0.3814	0.2466	0.0115	0.3778	0.2893	0.0116
418	0.3963	0.2654	0.0116	0.3813	0.2465	0.0115	0.3778	0.2893	0.0116
419	0.3966	0.2656	0.0116	0.3817	0.2468	0.0115	0.3780	0.2897	0.0116
420	0.3966	0.2654	0.0116	0.3818	0.2467	0.0115	0.3785	0.2895	0.0116
421	0.3966	0.2653	0.0116	0.3819	0.2472	0.0115	0.3787	0.2897	0.0116
422	0.3967	0.2651	0.0116	0.3821	0.2472	0.0115	0.3790	0.2901	0.0116
423	0.3969	0.2648	0.0116	0.3823	0.2478	0.0115	0.3791	0.2902	0.0116
424	0.3973	0.2650	0.0116	0.3823	0.2478	0.0115	0.3797	0.2910	0.0116
425	0.3976	0.2645	0.0116	0.3827	0.2486	0.0115	0.3797	0.2910	0.0116
426	0.3975	0.2646	0.0116	0.3829	0.2488	0.0115	0.3799	0.2909	0.0116
427	0.3980	0.2644	0.0116	0.3825	0.2489	0.0115	0.3805	0.2913	0.0116
428	0.3977	0.2643	0.0116	0.3829	0.2503	0.0115	0.3806	0.2914	0.0116
429	0.3979	0.2644	0.0116	0.3832	0.2508	0.0115	0.3811	0.2919	0.0116
430	0.3980	0.2641	0.0116	0.3829	0.2514	0.0115	0.3811	0.2924	0.0116
431	0.3982	0.2640	0.0116	0.3833	0.2520	0.0115	0.3818	0.2924	0.0116
432	0.3983	0.2640	0.0116	0.3834	0.2522	0.0115	0.3821	0.2928	0.0116
433	0.3979	0.2639	0.0116	0.3836	0.2526	0.0115	0.3821	0.2930	0.0116
434	0.3984	0.2636	0.0116	0.3835	0.2539	0.0115	0.3826	0.2931	0.0116
435	0.3988	0.2636	0.0116	0.3841	0.2538	0.0115	0.3830	0.2936	0.0116
436	0.3987	0.2636	0.0116	0.3839	0.2554	0.0115	0.3831	0.2938	0.0116
437	0.3988	0.2636	0.0116	0.3840	0.2557	0.0115	0.3835	0.2939	0.0116
438	0.3989	0.2632	0.0116	0.3840	0.2564	0.0115	0.3837	0.2945	0.0116
439	0.3990	0.2632	0.0116	0.3842	0.2579	0.0115	0.3841	0.2946	0.0116
440	0.3995	0.2631	0.0116	0.3843	0.2584	0.0115	0.3840	0.2948	0.0116
441	0.3993	0.2632	0.0116	0.3842	0.2589	0.0115	0.3849	0.2954	0.0116
442	0.3994	0.2628	0.0116	0.3845	0.2602	0.0115	0.3850	0.2952	0.0116
443	0.3997	0.2627	0.0116	0.3847	0.2604	0.0115	0.3851	0.2956	0.0116
444	0.3995	0.2625	0.0116	0.3848	0.2618	0.0116	0.3856	0.2960	0.0116
445	0.3998	0.2624	0.0116	0.3851	0.2627	0.0116	0.3854	0.2966	0.0116
446	0.4001	0.2623	0.0116	0.3851	0.2639	0.0116	0.3855	0.2971	0.0116
447	0.4000	0.2623	0.0116	0.3855	0.2654	0.0116	0.3856	0.2975	0.0116
448	0.4003	0.2620	0.0116	0.3853	0.2660	0.0116	0.3860	0.2979	0.0116
449	0.4004	0.2621	0.0116	0.3852	0.2668	0.0116	0.3860	0.2989	0.0116
450	0.4004	0.2619	0.0116	0.3859	0.2684	0.0116	0.3864	0.2991	0.0116
451	0.4008	0.2619	0.0116	0.3862	0.2690	0.0116	0.3865	0.2994	0.0116
452	0.4007	0.2617	0.0116	0.3861	0.2698	0.0116	0.3872	0.3003	0.0117
453	0.4006	0.2613	0.0116	0.3866	0.2715	0.0116	0.3870	0.3007	0.0117
454	0.4007	0.2614	0.0116	0.3866	0.2723	0.0116	0.3871	0.3013	0.0117
455	0.4010	0.2613	0.0116	0.3863	0.2728	0.0116	0.3874	0.3021	0.0117
456	0.4013	0.2610	0.0116	0.3865	0.2747	0.0116	0.3876	0.3024	0.0117
457	0.4013	0.2611	0.0116	0.3867	0.2755	0.0116	0.3875	0.3036	0.0117
458	0.4014	0.2609	0.0116	0.3867	0.2771	0.0116	0.3876	0.3043	0.0117
459	0.4016	0.2608	0.0116	0.3870	0.2777	0.0116	0.3877	0.3049	0.0117
460	0.4016	0.2607	0.0116	0.3868	0.2788	0.0116	0.3878	0.3060	0.0117
461	0.4015	0.2605	0.0116	0.3867	0.2802	0.0116	0.3881	0.3067	0.0117
462	0.4019	0.2605	0.0116	0.3875	0.2813	0.0116	0.3882	0.3072	0.0117
463	0.4017	0.2601	0.0116	0.3873	0.2824	0.0116	0.3884	0.3086	0.0117
464	0.4018	0.2600	0.0116	0.3874	0.2841	0.0116	0.3881	0.3090	0.0117
465	0.4021	0.2602	0.0116	0.3875	0.2851	0.0116	0.3885	0.3093	0.0117
466	0.4022	0.2597	0.0116	0.3876	0.2853	0.0116	0.3889	0.3109	0.0117
467	0.4022	0.2599	0.0116	0.3881	0.2869	0.0116	0.3888	0.3113	0.0117
468	0.4025	0.2598	0.0116	0.3876	0.2878	0.0116	0.3891	0.3128	0.0117
469	0.4025	0.2598	0.0116	0.3877	0.2886	0.0116	0.3890	0.3136	0.0117
470	0.4021	0.2595	0.0116	0.3878	0.2908	0.0116	0.3892	0.3140	0.0117
471	0.4026	0.2595	0.0116	0.3880	0.2912	0.0116	0.3895	0.3155	0.0117
472	0.4027	0.2593	0.0116	0.3881	0.2932	0.0116	0.3895	0.3160	0.0117
473	0.4026	0.2593	0.0116	0.3879	0.2937	0.0116	0.3898	0.3164	0.0117
474	0.4027	0.2594	0.0116	0.3880	0.2944	0.0116	0.3898	0.3177	0.0117
475	0.4032	0.2591	0.0116	0.3880	0.2961	0.0116	0.3903	0.3186	0.0117
476	0.4030	0.2594	0.0116	0.3878	0.2974	0.0116	0.3900	0.3190	0.0117
477	0.4032	0.2593	0.0116	0.3879	0.2981	0.0116	0.3906	0.3201	0.0117
478	0.4032	0.2592	0.0116	0.3883	0.2995	0.0117	0.3906	0.3210	0.0117
479	0.4032	0.2593	0.0116	0.3875	0.3009	0.0117	0.3902	0.3219	0.0117
480	0.4037	0.2593	0.0116	0.3880	0.3013	0.0117	0.3909	0.3226	0.0117
481	0.4035	0.2596	0.0116	0.3874	0.3030	0.0117	0.3909	0.3230	0.0117
482	0.4037	0.2593	0.0116	0.3873	0.3037	0.0117	0.3910	0.3242	0.0117
483	0.4038	0.2594	0.0116	0.3877	0.3054	0.0117	0.3913	0.3250	0.0117
484	0.4038	0.2593	0.0116	0.3875	0.3062	0.0117	0.3915	0.3254	0.0117
485	0.4036	0.2597	0.0116	0.3875	0.3069	0.0117	0.3917	0.3265	0.0117
486	0.4036	0.2595	0.0116	0.3875	0.3084	0.0117	0.3919	0.3271	0.0117
487	0.4042	0.2598	0.0116	0.3876	0.3089	0.0117	0.3919	0.3277	0.0117
488	0.4044	0.2598	0.0116	0.3878	0.3097	0.0117	0.3921	0.3285	0.0117
489	0.4043	0.2600	0.0116	0.3871	0.3116	0.0117	0.3918	0.3290	0.0117
490	0.4041	0.2596	0.0116	0.3876	0.3120	0.0117	0.3919	0.3293	0.0117
491	0.4046	0.2601	0.0116	0.3875	0.3129	0.0117	0.3921	0.3303	0.0117
492	0.4046	0.2601	0.0116	0.3870	0.3141	0.0117	0.3920	0.3310	0.0117
493	0.4043	0.2602	0.0116	0.3871	0.3148	0.0117	0.3928	0.3318	0.0117
494	0.4047	0.2607	0.0116	0.3874	0.3161	0.0117	0.3926	0.3322	0.0117
495	0.4046	0.2608	0.0116	0.3868	0.3167	0.0117	0.3928	0.3328	0.0117
496	0.4047	0.2609	0.0116	0.3874	0.3171	0.0117	0.3931	0.3339	0.0117
497	0.4047	0.2605	0.0116	0.3867	0.3185	0.0117	0.3933	0.3343	0.0117
498	0.4048	0.2610	0.0116	0.3874	0.3189	0.0117	0.3929	0.3348	0.0117
499	0.4050	0.2612	0.0116	0.3872	0.3196	0.0117	0.3936	0.3353	0.0117
500	0.4048	0.2611	0.0116	0.3869	0.3210	0.0117	0.3930	0.3361	0.0117
501	0.4051	0.2610	0.0116	0.3870	0.3211	0.0117	0.3933	0.3367	0.0117
502	0.4048	0.2616	0.0116	0.3868	0.3217	0.0117	0.3936	0.3372	0.0118
503	0.4050	0.2616	0.0116	0.3869	0.3226	0.0117	0.3941	0.3381	0.0118
504	0.4048	0.2620	0.0116	0.3868	0.3237	0.0117	0.3939	0.3390	0.0118
505	0.4051	0.2622	0.0116	0.3867	0.3237	0.0117	0.3936	0.3392	0.0118
506	0.4052	0.2623	0.0116	0.3862	0.3253	0.0117	0.3940	0.3395	0.0118
507	0.4048	0.2626	0.0116	0.3865	0.3254	0.0117	0.3942	0.3405	0.0118
508	0.4048	0.2631	0.0116	0.3856	0.3261	0.0117	0.3940	0.3409	0.0118
509	0.4051	0.2630	0.0116	0.3862	0.3266	0.0117	0.3946	0.3415	0.0118
510	0.4051	0.2631	0.0116	0.3859	0.3271	0.0117	0.3943	0.3423	0.0118
511	0.4052	0.2635	0.0116	0.3855	0.3280	0.0117	0.3946	0.3428	0.0118
512	0.4054	0.2636	0.0116	0.3861	0.3284	0.0117	0.3947	0.3430	0.0118
513	0.4051	0.2641	0.0116	0.3854	0.3288	0.0117	0.3948	0.3438	0.0118
514	0.4049	0.2642	0.0116	0.3852	0.3295	0.0117	0.3951	0.3440	0.0118
515	0.4049	0.2644	0.0116	0.3850	0.3299	0.0117	0.3946	0.3453	0.0118
516	0.4055	0.2650	0.0116	0.3857	0.3305	0.0117	0.3951	0.3458	0.0118
517	0.4054	0.2655	0.0116	0.3852	0.3311	0.0117	0.3953	0.3460	0.0118
518	0.4052	0.2657	0.0116	0.3856	0.3315	0.0117	0.3955	0.3471	0.0118
519	0.4052	0.2661	0.0116	0.3853	0.3319	0.0117	0.3950	0.3474	0.0118
520	0.4054	0.2663	0.0116	0.3855	0.3324	0.0117	0.3951	0.3477	0.0118
521	0.4052	0.2666	0.0116	0.3853	0.3329	0.0117	0.3953	0.3486	0.0118
522	0.4052	0.2677	0.0116	0.3855	0.3334	0.0117	0.3957	0.3489	0.0118
523	0.4055	0.2679	0.0116	0.3858	0.3337	0.0117	0.3957	0.3490	0.0118
524	0.4050	0.2688	0.0116	0.3854	0.3337	0.0117	0.3960	0.3501	0.0118
525	0.4052	0.2693	0.0116	0.3854	0.3344	0.0117	0.3959	0.3501	0.0118
526	0.4053	0.2697	0.0116	0.3856	0.3347	0.0117	0.3961	0.3509	0.0118
527	0.4057	0.2704	0.0116	0.3851	0.3346	0.0117	0.3962	0.3514	0.0118
528	0.4052	0.2707	0.0116	0.3851	0.3356	0.0117	0.3959	0.3519	0.0118
529	0.4051	0.2711	0.0116	0.3852	0.3357	0.0117	0.3965	0.3527	0.0118
530	0.4050	0.2718	0.0116	0.3851	0.3361	0.0117	0.3964	0.3529	0.0118
531	0.4049	0.2726	0.0116	0.3850	0.3362	0.0117	0.3965	0.3533	0.0118
532	0.4051	0.2727	0.0116	0.3853	0.3364	0.0117	0.3968	0.3536	0.0118
533	0.4049	0.2744	0.0116	0.3849	0.3369	0.0117	0.3969	0.3540	0.0118
534	0.4050	0.2743	0.0116	0.3851	0.3372	0.0117	0.3968	0.3544	0.0118
535	0.4054	0.2755	0.0116	0.3849	0.3373	0.0117	0.3968	0.3551	0.0118
536	0.4052	0.2758	0.0116	0.3847	0.3375	0.0117	0.3974	0.3553	0.0118
537	0.4050	0.2763	0.0116	0.3846	0.3381	0.0117	0.3972	0.3558	0.0118
538	0.4050	0.2775	0.0116	0.3848	0.3383	0.0117	0.3975	0.3566	0.0118
539	0.4052	0.2779	0.0116	0.3846	0.3386	0.0117	0.3973	0.3565	0.0118
540	0.4047	0.2785	0.0116	0.3843	0.3388	0.0117	0.3973	0.3573	0.0118
541	0.4047	0.2797	0.0116	0.3842	0.3389	0.0117	0.3976	0.3577	0.0118
542	0.4046	0.2798	0.0116	0.3842	0.3391	0.0117	0.3977	0.3578	0.0118
543	0.4045	0.2809	0.0116	0.3843	0.3396	0.0117	0.3981	0.3582	0.0118
544	0.4047	0.2817	0.0116	0.3843	0.3395	0.0117	0.3978	0.3590	0.0118
545	0.4047	0.2825	0.0116	0.3841	0.3400	0.0117	0.3981	0.3589	0.0118
546	0.4048	0.2832	0.0116	0.3838	0.3403	0.0117	0.3979	0.3596	0.0118
547	0.4047	0.2842	0.0116	0.3839	0.3403	0.0117	0.3984	0.3598	0.0118
548	0.4050	0.2851	0.0116	0.3842	0.3405	0.0117	0.3981	0.3604	0.0118
549	0.4043	0.2861	0.0116	0.3842	0.3406	0.0117	0.3981	0.3606	0.0118
550	0.4044	0.2868	0.0116	0.3841	0.3409	0.0117	0.3983	0.3611	0.0118
551	0.4043	0.2876	0.0117	0.3836	0.3410	0.0117	0.3985	0.3609	0.0118
552	0.4040	0.2888	0.0117	0.3836	0.3412	0.0117	0.3985	0.3618	0.0118
553	0.4039	0.2894	0.0117	0.3837	0.3416	0.0117	0.3980	0.3618	0.0118
554	0.4038	0.2899	0.0117	0.3837	0.3416	0.0117	0.3986	0.3624	0.0118
555	0.4039	0.2915	0.0117	0.3837	0.3417	0.0117	0.3990	0.3626	0.0118
556	0.4038	0.2917	0.0117	0.3834	0.3423	0.0117	0.3990	0.3629	0.0118
557	0.4038	0.2924	0.0117	0.3835	0.3421	0.0117	0.3986	0.3636	0.0118
558	0.4034	0.2940	0.0117	0.3832	0.3426	0.0117	0.3990	0.3638	0.0118
559	0.4032	0.2948	0.0117	0.3835	0.3425	0.0117	0.3989	0.3638	0.0118
560	0.4031	0.2960	0.0117	0.3837	0.3427	0.0117	0.3993	0.3647	0.0118
561	0.4030	0.2965	0.0117	0.3836	0.3429	0.0117	0.3991	0.3649	0.0118
562	0.4026	0.2973	0.0117	0.3833	0.3430	0.0117	0.3991	0.3652	0.0118
563	0.4025	0.2985	0.0117	0.3832	0.3431	0.0117	0.3994	0.3658	0.0118
564	0.4023	0.2992	0.0117	0.3833	0.3434	0.0117	0.3994	0.3658	0.0118
565	0.4026	0.2999	0.0117	0.3830	0.3433	0.0117	0.3992	0.3664	0.0118
566	0.4017	0.3010	0.0117	0.3832	0.3436	0.0117	0.3993	0.3669	0.0118
567	0.4018	0.3018	0.0117	0.3830	0.3438	0.0117	0.3996	0.3666	0.0118
568	0.4017	0.3023	0.0117	0.3831	0.3436	0.0117	0.3996	0.3674	0.0118
569	0.4017	0.3039	0.0117	0.3829	0.3440	0.0117	0.3998	0.3676	0.0118
570	0.4014	0.3048	0.0117	0.3832	0.3443	0.0117	0.3995	0.3677	0.0118
571	0.4010	0.3056	0.0117	0.3834	0.3442	0.0117	0.3996	0.3682	0.0118
572	0.4008	0.3064	0.0117	0.3830	0.3444	0.0117	0.3998	0.3683	0.0118
573	0.4010	0.3071	0.0117	0.3829	0.3445	0.0117	0.3999	0.3687	0.0118
574	0.4004	0.3084	0.0117	0.3830	0.3444	0.0117	0.3996	0.3690	0.0118
575	0.4004	0.3088	0.0117	0.3827	0.3447	0.0117	0.3999	0.3696	0.0118
576	0.4004	0.3095	0.0117	0.3827	0.3448	0.0117	0.3997	0.3701	0.0118
577	0.4000	0.3107	0.0117	0.3827	0.3448	0.0117	0.3999	0.3700	0.0118
578	0.4001	0.3114	0.0117	0.3827	0.3450	0.0117	0.3997	0.3705	0.0118
579	0.4001	0.3121	0.0117	0.3827	0.3451	0.0117	0.4001	0.3706	0.0118
580	0.3997	0.3134	0.0117	0.3825	0.3452	0.0117	0.4002	0.3705	0.0118
581	0.3997	0.3138	0.0117	0.3826	0.3452	0.0117	0.3999	0.3710	0.0118
582	0.3989	0.3143	0.0117	0.3826	0.3452	0.0117	0.3999	0.3713	0.0118
583	0.3988	0.3153	0.0117	0.3827	0.3454	0.0118	0.4001	0.3716	0.0118
584	0.3989	0.3163	0.0117	0.3824	0.3454	0.0117	0.3998	0.3718	0.0118
585	0.3986	0.3173	0.0117	0.3825	0.3457	0.0118	0.3996	0.3719	0.0118
586	0.3983	0.3177	0.0117	0.3825	0.3456	0.0118	0.3999	0.3722	0.0118
587	0.3979	0.3184	0.0117	0.3825	0.3456	0.0118	0.3998	0.3724	0.0118
588	0.3980	0.3191	0.0117	0.3825	0.3457	0.0118	0.4001	0.3729	0.0118
589	0.3976	0.3197	0.0117	0.3825	0.3459	0.0118	0.3999	0.3730	0.0118
590	0.3980	0.3201	0.0117	0.3825	0.3456	0.0118	0.3997	0.3733	0.0118
591	0.3975	0.3215	0.0117	0.3823	0.3459	0.0118	0.3999	0.3735	0.0118
592	0.3973	0.3219	0.0117	0.3823	0.3460	0.0118	0.3997	0.3735	0.0118
593	0.3972	0.3221	0.0117	0.3821	0.3461	0.0118	0.3994	0.3738	0.0118
594	0.3974	0.3230	0.0117	0.3821	0.3460	0.0118	0.3998	0.3742	0.0119
595	0.3967	0.3236	0.0117	0.3822	0.3460	0.0118	0.3995	0.3743	0.0118
596	0.3968	0.3243	0.0117	0.3821	0.3462	0.0118	0.3997	0.3744	0.0119
597	0.3965	0.3244	0.0117	0.3822	0.3465	0.0118	0.3995	0.3745	0.0119
598	0.3960	0.3249	0.0117	0.3821	0.3463	0.0118	0.3997	0.3746	0.0119
599	0.3961	0.3261	0.0117	0.3821	0.3464	0.0118	0.3995	0.3751	0.0119
600	0.3957	0.3266	0.0117	0.3824	0.3466	0.0118	0.3994	0.3747	0.0119
601	0.3957	0.3267	0.0117	0.3824	0.3466	0.0118	0.3993	0.3751	0.0119
602	0.3955	0.3271	0.0117	0.3823	0.3467	0.0118	0.3994	0.3754	0.0119
603	0.3955	0.3276	0.0117	0.3824	0.3467	0.0118	0.3994	0.3754	0.0119
604	0.3952	0.3280	0.0117	0.3823	0.3468	0.0118	0.3993	0.3754	0.0119
605	0.3951	0.3287	0.0117	0.3822	0.3471	0.0118	0.3995	0.3758	0.0119
606	0.3948	0.3289	0.0117	0.3821	0.3472	0.0118	0.3991	0.3759	0.0119
607	0.3947	0.3294	0.0117	0.3825	0.3472	0.0118	0.3994	0.3759	0.0119
608	0.3946	0.3297	0.0117	0.3824	0.3474	0.0118	0.3994	0.3763	0.0119
609	0.3946	0.3300	0.0117	0.3824	0.3473	0.0118	0.3993	0.3762	0.0119
610	0.3942	0.3306	0.0117	0.3825	0.3474	0.0118	0.3992	0.3764	0.0119
611	0.3939	0.3307	0.0117	0.3826	0.3475	0.0118	0.3994	0.3763	0.0119
612	0.3939	0.3309	0.0117	0.3827	0.3476	0.0118	0.3993	0.3767	0.0119
613	0.3937	0.3313	0.0117	0.3825	0.3477	0.0118	0.3992	0.3766	0.0119
614	0.3934	0.3316	0.0117	0.3828	0.3481	0.0118	0.3993	0.3770	0.0119
615	0.3933	0.3318	0.0117	0.3826	0.3480	0.0118	0.3995	0.3767	0.0119
616	0.3935	0.3325	0.0117	0.3829	0.3481	0.0118	0.3994	0.3772	0.0119
617	0.3932	0.3325	0.0117	0.3831	0.3483	0.0118	0.3992	0.3772	0.0119
618	0.3932	0.3326	0.0117	0.3831	0.3484	0.0118	0.3989	0.3772	0.0119
619	0.3929	0.3331	0.0117	0.3831	0.3485	0.0118	0.3989	0.3770	0.0119
620	0.3930	0.3337	0.0117	0.3831	0.3488	0.0118	0.3988	0.3772	0.0119
621	0.3926	0.3340	0.0117	0.3832	0.3489	0.0118	0.3990	0.3774	0.0119
622	0.3929	0.3342	0.0117	0.3834	0.3490	0.0118	0.3992	0.3777	0.0119
623	0.3925	0.3342	0.0117	0.3835	0.3491	0.0118	0.3988	0.3777	0.0119
624	0.3922	0.3346	0.0117	0.3834	0.3492	0.0118	0.3989	0.3778	0.0119
625	0.3923	0.3346	0.0117	0.3837	0.3492	0.0118	0.3990	0.3781	0.0119
626	0.3920	0.3346	0.0117	0.3838	0.3494	0.0118	0.3989	0.3780	0.0119
627	0.3918	0.3351	0.0117	0.3839	0.3497	0.0118	0.3989	0.3780	0.0119
628	0.3918	0.3353	0.0117	0.3841	0.3498	0.0118	0.3990	0.3783	0.0119
629	0.3916	0.3354	0.0117	0.3841	0.3498	0.0118	0.3987	0.3784	0.0119
630	0.3914	0.3356	0.0117	0.3842	0.3504	0.0118	0.3988	0.3782	0.0119
631	0.3914	0.3359	0.0117	0.3842	0.3502	0.0118	0.3988	0.3787	0.0119
632	0.3913	0.3362	0.0117	0.3845	0.3505	0.0118	0.3987	0.3789	0.0119
633	0.3911	0.3361	0.0117	0.3844	0.3507	0.0118	0.3984	0.3789	0.0119
634	0.3907	0.3365	0.0117	0.3846	0.3511	0.0118	0.3988	0.3790	0.0119
635	0.3911	0.3370	0.0117	0.3846	0.3509	0.0118	0.3986	0.3791	0.0119
636	0.3910	0.3371	0.0117	0.3846	0.3513	0.0118	0.3985	0.3792	0.0119
637	0.3908	0.3370	0.0117	0.3847	0.3514	0.0118	0.3983	0.3797	0.0119
638	0.3906	0.3373	0.0117	0.3849	0.3515	0.0118	0.3985	0.3793	0.0119
639	0.3905	0.3376	0.0117	0.3850	0.3517	0.0118	0.3983	0.3794	0.0119
640	0.3906	0.3377	0.0117	0.3849	0.3519	0.0118	0.3982	0.3796	0.0119
641	0.3903	0.3379	0.0117	0.3852	0.3521	0.0118	0.3977	0.3799	0.0119
642	0.3903	0.3381	0.0117	0.3855	0.3521	0.0118	0.3980	0.3798	0.0119
643	0.3901	0.3381	0.0117	0.3853	0.3523	0.0118	0.3981	0.3799	0.0119
644	0.3901	0.3384	0.0117	0.3855	0.3525	0.0118	0.3981	0.3801	0.0119
645	0.3904	0.3386	0.0117	0.3857	0.3524	0.0118	0.3980	0.3803	0.0119
646	0.3904	0.3387	0.0117	0.3855	0.3528	0.0118	0.3979	0.3803	0.0119
647	0.3901	0.3389	0.0117	0.3856	0.3529	0.0118	0.3976	0.3802	0.0119
648	0.3903	0.3390	0.0117	0.3857	0.3530	0.0118	0.3977	0.3803	0.0119
649	0.3900	0.3394	0.0117	0.3857	0.3532	0.0118	0.3975	0.3805	0.0119
650	0.3901	0.3396	0.0117	0.3858	0.3533	0.0118	0.3976	0.3805	0.0119
651	0.3901	0.3395	0.0117	0.3859	0.3535	0.0118	0.3975	0.3806	0.0119
652	0.3899	0.3400	0.0118	0.3859	0.3537	0.0118	0.3973	0.3807	0.0119
653	0.3903	0.3400	0.0118	0.3862	0.3538	0.0118	0.3975	0.3807	0.0119
654	0.3901	0.3400	0.0118	0.3859	0.3538	0.0118	0.3973	0.3806	0.0119
655	0.3902	0.3403	0.0118	0.3861	0.3540	0.0118	0.3972	0.3808	0.0119
656	0.3901	0.3404	0.0118	0.3859	0.3539	0.0118	0.3972	0.3811	0.0119
657	0.3900	0.3407	0.0118	0.3861	0.3543	0.0118	0.3973	0.3810	0.0119
658	0.3903	0.3410	0.0118	0.3860	0.3545	0.0118	0.3972	0.3811	0.0119
659	0.3901	0.3410	0.0118	0.3862	0.3544	0.0118	0.3969	0.3812	0.0119
660	0.3903	0.3413	0.0118	0.3861	0.3547	0.0118	0.3971	0.3814	0.0119
661	0.3903	0.3413	0.0118	0.3862	0.3547	0.0118	0.3968	0.3814	0.0119
662	0.3902	0.3415	0.0118	0.3862	0.3550	0.0118	0.3968	0.3814	0.0119
663	0.3903	0.3418	0.0118	0.3862	0.3550	0.0118	0.3966	0.3813	0.0119
664	0.3905	0.3418	0.0118	0.3862	0.3553	0.0118	0.3969	0.3813	0.0119
665	0.3905	0.3422	0.0118	0.3862	0.3552	0.0118	0.3970	0.3815	0.0119
666	0.3905	0.3425	0.0118	0.3861	0.3556	0.0118	0.3967	0.3813	0.0119
667	0.3906	0.3427	0.0118	0.3859	0.3557	0.0118	0.3966	0.3816	0.0119
668	0.3907	0.3429	0.0118	0.3859	0.3556	0.0118	0.3966	0.3817	0.0119
669	0.3906	0.3431	0.0118	0.3860	0.3558	0.0118	0.3967	0.3818	0.0119
670	0.3907	0.3432	0.0118	0.3859	0.3558	0.0118	0.3965	0.3818	0.0119
671	0.3906	0.3436	0.0118	0.3857	0.3559	0.0118	0.3966	0.3819	0.0119
672	0.3910	0.3438	0.0118	0.3855	0.3562	0.0118	0.3967	0.3819	0.0119
673	0.3908	0.3438	0.0118	0.3856	0.3563	0.0118	0.3968	0.3820	0.0119
674	0.3911	0.3442	0.0118	0.3855	0.3565	0.0118	0.3966	0.3822	0.0119
675	0.3912	0.3441	0.0118	0.3852	0.3566	0.0118	0.3965	0.3820	0.0119
676	0.3911	0.3442	0.0118	0.3852	0.3569	0.0118	0.3965	0.3820	0.0119
677	0.3913	0.3444	0.0118	0.3851	0.3570	0.0118	0.3967	0.3823	0.0119
678	0.3915	0.3446	0.0118	0.3848	0.3571	0.0118	0.3966	0.3822	0.0119
679	0.3912	0.3450	0.0118	0.3850	0.3572	0.0118	0.3967	0.3825	0.0119
680	0.3915	0.3450	0.0118	0.3844	0.3573	0.0118	0.3968	0.3824	0.0119
681	0.3917	0.3452	0.0118	0.3844	0.3576	0.0118	0.3968	0.3825	0.0119
682	0.3917	0.3456	0.0118	0.3844	0.3576	0.0118	0.3970	0.3826	0.0119
683	0.3917	0.3460	0.0118	0.3840	0.3582	0.0118	0.3969	0.3828	0.0119
684	0.3920	0.3458	0.0118	0.3837	0.3581	0.0118	0.3969	0.3827	0.0119
685	0.3921	0.3462	0.0118	0.3838	0.3579	0.0118	0.3970	0.3829	0.0119
686	0.3922	0.3462	0.0118	0.3837	0.3585	0.0118	0.3971	0.3828	0.0119
687	0.3921	0.3464	0.0118	0.3832	0.3588	0.0118	0.3971	0.3830	0.0119
688	0.3923	0.3465	0.0118	0.3830	0.3590	0.0118	0.3972	0.3831	0.0119
689	0.3921	0.3467	0.0118	0.3827	0.3591	0.0118	0.3972	0.3830	0.0119
690	0.3924	0.3467	0.0118	0.3826	0.3593	0.0118	0.3974	0.3831	0.0119
691	0.3925	0.3470	0.0118	0.3821	0.3596	0.0118	0.3972	0.3832	0.0119
692	0.3925	0.3472	0.0118	0.3819	0.3597	0.0118	0.3973	0.3833	0.0119
693	0.3929	0.3476	0.0118	0.3817	0.3601	0.0118	0.3973	0.3836	0.0119
694	0.3930	0.3476	0.0118	0.3816	0.3605	0.0118	0.3973	0.3837	0.0119
695	0.3931	0.3479	0.0118	0.3815	0.3608	0.0118	0.3975	0.3837	0.0119
696	0.3934	0.3480	0.0118	0.3808	0.3611	0.0118	0.3975	0.3839	0.0119
697	0.3933	0.3481	0.0118	0.3807	0.3620	0.0118	0.3976	0.3838	0.0119
698	0.3937	0.3481	0.0118	0.3802	0.3623	0.0118	0.3978	0.3842	0.0119
699	0.3938	0.3483	0.0118	0.3799	0.3628	0.0118	0.3980	0.3842	0.0119
700	0.3939	0.3485	0.0118	0.3795	0.3630	0.0118	0.3979	0.3842	0.0119
701	0.3938	0.3487	0.0118	0.3793	0.3640	0.0118	0.3980	0.3844	0.0119
702	0.3937	0.3488	0.0118	0.3790	0.3653	0.0118	0.3981	0.3844	0.0119
703	0.3938	0.3490	0.0118	0.3787	0.3662	0.0118	0.3981	0.3844	0.0119
704	0.3941	0.3492	0.0118	0.3786	0.3666	0.0118	0.3984	0.3846	0.0119
705	0.3941	0.3496	0.0118	0.3788	0.3682	0.0118	0.3985	0.3849	0.0119
706	0.3942	0.3494	0.0118	0.3782	0.3686	0.0118	0.3984	0.3849	0.0119
707	0.3948	0.3497	0.0118	0.3776	0.3696	0.0118	0.3988	0.3850	0.0119
708	0.3947	0.3499	0.0118	0.3772	0.3722	0.0118	0.3984	0.3851	0.0119
709	0.3950	0.3500	0.0118	0.3772	0.3719	0.0118	0.3987	0.3853	0.0119
710	0.3946	0.3502	0.0118	0.3766	0.3732	0.0118	0.3984	0.3855	0.0119
711	0.3948	0.3505	0.0118	0.3766	0.3746	0.0118	0.3988	0.3854	0.0119
712	0.3947	0.3505	0.0118	0.3759	0.3761	0.0118	0.3988	0.3857	0.0119
713	0.3950	0.3507	0.0118	0.3745	0.3760	0.0118	0.3990	0.3857	0.0119
714	0.3952	0.3510	0.0118	0.3744	0.3772	0.0118	0.3990	0.3856	0.0119
715	0.3951	0.3510	0.0118	0.3709	0.3786	0.0118	0.3991	0.3860	0.0119
716	0.3952	0.3517	0.0118	0.3678	0.3808	0.0118	0.3992	0.3861	0.0119
717	0.3955	0.3516	0.0118	0.3658	0.3808	0.0118	0.3993	0.3861	0.0119
718	0.3956	0.3520	0.0118	0.3641	0.3811	0.0118	0.3993	0.3865	0.0119
719	0.3957	0.3520	0.0118	0.3575	0.3788	0.0118	0.3996	0.3863	0.0119
720	0.3956	0.3523	0.0118	0.3537	0.3838	0.0118	0.3995	0.3865	0.0119
721	0.3957	0.3527	0.0118	0.3496	0.3818	0.0118	0.3996	0.3866	0.0119
722	0.3962	0.3529	0.0118	0.3517	0.3865	0.0118	0.3996	0.3868	0.0119
723	0.3963	0.3530	0.0118	0.3272	0.3787	0.0117	0.3999	0.3871	0.0119
724	0.3965	0.3536	0.0118	0.2868	0.3942	0.0117	0.3998	0.3869	0.0119
725	0.3965	0.3540	0.0118				0.4001	0.3871	0.0119
726	0.3963	0.3539	0.0118				0.4000	0.3874	0.0119
727	0.3967	0.3547	0.0118				0.4001	0.3874	0.0119
728	0.3970	0.3551	0.0118				0.4002	0.3875	0.0119
729	0.3972	0.3553	0.0118				0.4003	0.3877	0.0119
730	0.3973	0.3554	0.0118				0.4004	0.3877	0.0119
731	0.3975	0.3561	0.0118				0.4003	0.3879	0.0119
732	0.3976	0.3569	0.0118				0.4005	0.3881	0.0119
733	0.3978	0.3572	0.0118				0.4003	0.3883	0.0119
734	0.3978	0.3573	0.0118				0.4006	0.3883	0.0119
735	0.3983	0.3582	0.0118				0.4007	0.3884	0.0119
736	0.3984	0.3583	0.0118				0.4006	0.3884	0.0119
737	0.3987	0.3583	0.0118				0.4007	0.3888	0.0119
738	0.3989	0.3587	0.0118				0.4008	0.3886	0.0119
739	0.3993	0.3598	0.0118				0.4007	0.3890	0.0119
740	0.4000	0.3603	0.0118				0.4009	0.3893	0.0119
741	0.3999	0.3605	0.0118				0.4010	0.3894	0.0119
742	0.3996	0.3614	0.0118				0.4010	0.3895	0.0119
743	0.3998	0.3625	0.0118				0.4010	0.3897	0.0119
744	0.4004	0.3627	0.0118				0.4011	0.3898	0.0119
745	0.4003	0.3636	0.0118				0.4010	0.3900	0.0119
746	0.3994	0.3657	0.0118				0.4011	0.3903	0.0119
747	0.4003	0.3662	0.0118				0.4012	0.3903	0.0119
748	0.4001	0.3663	0.0118				0.4011	0.3907	0.0119
749	0.4001	0.3681	0.0118				0.4012	0.3906	0.0119
750	0.4006	0.3687	0.0118				0.4010	0.3907	0.0119
751	0.3990	0.3700	0.0118				0.4008	0.3912	0.0119
752	0.3984	0.3708	0.0118				0.4012	0.3917	0.0119
753	0.3991	0.3712	0.0118				0.4008	0.3917	0.0119
754	0.3956	0.3707	0.0118				0.4012	0.3920	0.0119
755	0.3934	0.3705	0.0118				0.4012	0.3921	0.0119
756	0.3895	0.3736	0.0118				0.4012	0.3923	0.0119
757	0.3832	0.3711	0.0118				0.4013	0.3928	0.0119
758	0.3812	0.3741	0.0118				0.4011	0.3929	0.0119
759	0.3710	0.3739	0.0118				0.4013	0.3933	0.0119
760	0.3620	0.3682	0.0118				0.4013	0.3933	0.0119
761	0.3623	0.3686	0.0118				0.4015	0.3936	0.0119
762	0.3384	0.3663	0.0117				0.4011	0.3948	0.0119
763							0.4009	0.3953	0.0119
764							0.4013	0.3958	0.0119
765							0.4014	0.3967	0.0119
766							0.4012	0.3970	0.0119
767							0.4013	0.3976	0.0119
768							0.4017	0.3990	0.0119
769							0.4021	0.3991	0.0119
770							0.4022	0.4000	0.0119
771							0.4016	0.4014	0.0119
772							0.4023	0.4018	0.0119
773							0.4021	0.4037	0.0119
774							0.4017	0.4043	0.0119
775							0.4028	0.4046	0.0119
776							0.4022	0.4056	0.0119
777							0.4021	0.4071	0.0119
778							0.4030	0.4082	0.0119
779							0.4021	0.4088	0.0119
780							0.4011	0.4100	0.0119
781							0.3995	0.4093	0.0119
782							0.3958	0.4130	0.0119
783							0.3921	0.4128	0.0119
784							0.3902	0.4116	0.0119
785							0.3805	0.4197	0.0119
786							0.3795	0.4162	0.0119
787							0.3519	0.4190	0.0119
788							0.3518	0.4146	0.0119
789							0.3479	0.4129	0.0118
790									
791									
792									
793									
794									
795									
796									
797									
798									
799									
800									
801									
802									
803									
804									
805									
806									
807									
808									
809									
810									
811									
812									
813									
814									
815									
816									
817									
818									
819									
820									
821									
822									
823									
824									
825									
826									
827									
828									
829									
830									
831									
832									
833									
834									
835									
836									
837									
838									
839									
840									
841									
842									
843									
844									
845									
846									
847									
848									
849									
850									
851									
852									
853									
854									
855									
856									
857									
858									
859									
860									
861									
862									
863									
864									
865									
866									
867									
868									
869									
870									
871									
872									
873									
874									
875									
876									
877									
878									
879									
880									
881									
882									
883									
884									
885									
886									
887									
888									
889									
890									
891									
892									
893									
894									
895									
896									
897									
898									
899									
900									
901									
902									
903									
904									
905									
906									
907									
908									
909									
910									
911									
912									
913									
914									
915									
916									
917									
918									
919									
920									
921									
922									
923									
924									
925									
926									
927									
928									
929									
930									
931									
932									
933									
934									
935									
936									
937									
938									
939									
940									
941									
942									
943									
944									
945									
946									
947									
948									
949									
950									
951									
952									
953									
954									
955									
956									
957									
958									
959									
960									
961									
962									
963									
964									
965									
966									
967									
968									
969									
970									
971									
972									
973									
974									
975									
976									
977									
978									
979									
980									
981									
982									
983									
984									
985									
986									
987									
988									
989									
990									
991									
992									
993									
994									
995									
996									
997									
998									
999									
1000									
1001									
1002									
1003									
1004									
1005									
1006									
1007									
1008									
1009									
1010									
1011									
1012									
1013									
1014									
1015									
1016									
1017									
1018									
1019									
1020									
1021									
1022									
1023									
1024									
1025									
1026									
1027									
1028									
1029									
1030									
1031									
1032									
1033									
1034									
1035									
1036									
1037									
1038									
1039									
1040									
1041									
1042									
1043									
1044									
1045									
1046									
1047									
1048									
1049									
1050									
1051									
1052									
1053									
1054									
1055									
1056									
1057									
1058									
1059									
1060									
1061									
1062									
1063									
1064									
1065									
1066									
1067									
1068									
1069									
1070									
1071									
1072									
1073									
1074									
1075									
1076									
1077									
1078									
1079									
1080									
1081									
1082									
1083									
1084									
1085									
1086									
1087									
1088									
1089									
1090									
1091									
1092									
1093									
1094									
1095									
1096									
1097									
1098									
1099									
1100									
1101									
1102									
1103									
1104									
1105									
1106									
1107									
1108									
1109									
1110									
1111									
1112									
1113									
1114									
1115									
1116									
1117									
1118									
1119									
1120									
1121									
1122									
1123									
1124									
1125									
1126									
1127									
1128									
1129									
1130									
1131									
1132									
1133									
1134									
1135									
1136									
1137									
1138									
1139									
1140									
1141									
1142									
1143									
1144									
1145									
1146									
1147									
1148									
1149									
1150									
1151									
1152									
1153									
1154									
1155									
1156									
1157									
1158									
1159									
1160									
1161									
1162									
1163									
1164									
1165									
1166									
1167									
1168				0.2227	0.4936	0.0118			
1169				0.3014	0.4378	0.0118			
1170				0.2674	0.4194	0.0117			
1171				0.2791	0.4316	0.0118			
1172				0.3147	0.4197	0.0118			
1173				0.2762	0.4213	0.0117			
1174				0.2962	0.4137	0.0118			
1175				0.3049	0.4166	0.0118			
1176				0.2886	0.4155	0.0117			
1177				0.3022	0.4108	0.0118			
1178	0.3868	0.4613	0.0120	0.3007	0.4101	0.0118			
1179	0.4055	0.4476	0.0120	0.2978	0.4042	0.0117			
1180	0.4001	0.4896	0.0121	0.3034	0.4016	0.0117			
1181	0.3949	0.4686	0.0121	0.2980	0.3994	0.0117			
1182	0.3966	0.4881	0.0121	0.2997	0.3935	0.0117			
1183	0.3976	0.4648	0.0121	0.3026	0.3921	0.0117			
1184	0.4115	0.4732	0.0121	0.2955	0.3899	0.0117			
1185	0.4111	0.4688	0.0121	0.2982	0.3898	0.0117			
1186	0.4099	0.4644	0.0121	0.2972	0.3896	0.0117			
1187	0.4130	0.4618	0.0121	0.2927	0.3871	0.0117			
1188	0.4148	0.4584	0.0121	0.2941	0.3865	0.0117			
1189	0.4109	0.4587	0.0121	0.2915	0.3850	0.0117			
1190	0.4121	0.4545	0.0121	0.2920	0.3816	0.0117			
1191	0.4128	0.4517	0.0121	0.2919	0.3797	0.0117			
1192	0.4126	0.4482	0.0121	0.2912	0.3777	0.0117			
1193	0.4125	0.4464	0.0120	0.2910	0.3758	0.0117			
1194	0.4120	0.4449	0.0120	0.2902	0.3744	0.0117			
1195	0.4116	0.4413	0.0120	0.2911	0.3728	0.0117			
1196	0.4118	0.4408	0.0120	0.2907	0.3721	0.0116			
1197	0.4113	0.4402	0.0120	0.2906	0.3714	0.0116			
1198	0.4095	0.4384	0.0120	0.2908	0.3702	0.0116			
1199	0.4109	0.4373	0.0120	0.2902	0.3696	0.0116			
1200	0.4094	0.4345	0.0120	0.2904	0.3695	0.0116			
1201	0.4107	0.4342	0.0120	0.2896	0.3683	0.0116			
1202	0.4108	0.4327	0.0120	0.2887	0.3680	0.0116			
1203	0.4113	0.4305	0.0120	0.2897	0.3669	0.0116			
1204	0.4122	0.4296	0.0120	0.2884	0.3652	0.0116			
1205	0.4124	0.4286	0.0120	0.2885	0.3642	0.0116			
1206	0.4132	0.4279	0.0120	0.2873	0.3615	0.0116			
1207	0.4136	0.4275	0.0120	0.2861	0.3600	0.0116			
1208	0.4143	0.4271	0.0120	0.2863	0.3571	0.0116			
1209	0.4140	0.4267	0.0120	0.2849	0.3518	0.0116			
1210	0.4147	0.4265	0.0120	0.2841	0.3487	0.0116			
1211	0.4149	0.4260	0.0120	0.2842	0.3450	0.0116			
1212	0.4148	0.4257	0.0120	0.2838	0.3358	0.0115			
1213	0.4155	0.4250	0.0120	0.2846	0.3306	0.0115			
1214	0.4154	0.4243	0.0120	0.2853	0.3254	0.0115			
1215	0.4153	0.4243	0.0120	0.2866	0.3152	0.0115			
1216	0.4159	0.4235	0.0120	0.2876	0.3107	0.0115			
1217	0.4159	0.4219	0.0120	0.2882	0.3064	0.0115			
1218	0.4159	0.4211	0.0120	0.2893	0.2985	0.0115			
1219	0.4162	0.4198	0.0120	0.2898	0.2953	0.0115			
1220	0.4166	0.4169	0.0120	0.2911	0.2893	0.0115			
1221	0.4169	0.4146	0.0120	0.2915	0.2868	0.0114			
1222	0.4176	0.4091	0.0120	0.2918	0.2844	0.0114	0.4172	0.3768	0.0119
1223	0.4180	0.4060	0.0120	0.2927	0.2807	0.0114	0.4348	0.3569	0.0119
1224	0.4186	0.4024	0.0120	0.2930	0.2792	0.0114	0.4214	0.3962	0.0119
1225	0.4199	0.3959	0.0119	0.2933	0.2777	0.0114	0.4282	0.3719	0.0119
1226	0.4201	0.3927	0.0119	0.2941	0.2758	0.0114	0.4384	0.3789	0.0119
1227	0.4208	0.3894	0.0119	0.2942	0.2752	0.0114	0.4240	0.3668	0.0119
1228	0.4217	0.3831	0.0119	0.2947	0.2750	0.0114	0.4381	0.3713	0.0119
1229	0.4218	0.3800	0.0119	0.2951	0.2752	0.0114	0.4355	0.3720	0.0119
1230	0.4223	0.3771	0.0119	0.2954	0.2756	0.0114	0.4321	0.3636	0.0119
1231	0.4228	0.3724	0.0119	0.2954	0.2773	0.0114	0.4391	0.3630	0.0119
1232	0.4228	0.3703	0.0119	0.2954	0.2786	0.0114	0.4384	0.3595	0.0119
1233	0.4231	0.3681	0.0119	0.2951	0.2801	0.0114	0.4355	0.3543	0.0119
1234	0.4234	0.3652	0.0119	0.2950	0.2838	0.0114	0.4383	0.3518	0.0119
1235	0.4237	0.3639	0.0119	0.2946	0.2859	0.0114	0.4386	0.3471	0.0119
1236	0.4239	0.3619	0.0119	0.2947	0.2883	0.0115	0.4399	0.3442	0.0119
1237	0.4239	0.3613	0.0119	0.2937	0.2932	0.0115	0.4399	0.3418	0.0118
1238	0.4243	0.3608	0.0119	0.2933	0.2959	0.0115	0.4387	0.3407	0.0118
1239	0.4244	0.3605	0.0119	0.2930	0.2987	0.0115	0.4396	0.3388	0.0118
1240				0.2923	0.3049	0.0115	0.4389	0.3376	0.0118
1241				0.2922	0.3079	0.0115	0.4357	0.3365	0.0118
1242				0.2914	0.3145	0.0115	0.4359	0.3347	0.0118
1243				0.2911	0.3175	0.0115	0.4372	0.3331	0.0118
1244				0.2907	0.3208	0.0115	0.4342	0.3298	0.0118
1245				0.2903	0.3268	0.0115	0.4359	0.3278	0.0118
1246				0.2897	0.3299	0.0115	0.4369	0.3259	0.0118
1247				0.2896	0.3328	0.0116	0.4364	0.3229	0.0118
1248				0.2885	0.3381	0.0116	0.4377	0.3214	0.0118
1249				0.2887	0.3406	0.0116	0.4379	0.3204	0.0118
1250				0.2879	0.3427	0.0116	0.4391	0.3183	0.0118
1251				0.2879	0.3464	0.0116	0.4393	0.3180	0.0118
1252				0.2877	0.3483	0.0116	0.4395	0.3170	0.0118
1253				0.2872	0.3502	0.0116	0.4400	0.3170	0.0118
1254				0.2872	0.3527	0.0116	0.4401	0.3166	0.0118
1255				0.2871	0.3539	0.0116	0.4401	0.3167	0.0118
1256				0.2872	0.3557	0.0116	0.4399	0.3167	0.0118
1257				0.2873	0.3567	0.0116	0.4401	0.3164	0.0118
1258				0.2873	0.3573	0.0116	0.4399	0.3161	0.0118
1259				0.2877	0.3584	0.0116	0.4402	0.3160	0.0118
1260				0.2875	0.3586	0.0116	0.4405	0.3153	0.0118
1261				0.2877	0.3592	0.0116	0.4398	0.3143	0.0118
1262				0.2882	0.3593	0.0116	0.4400	0.3140	0.0118
1263				0.2885	0.3596	0.0116	0.4400	0.3125	0.0118
1264				0.2883	0.3598	0.0116	0.4400	0.3118	0.0118
1265				0.2893	0.3593	0.0116	0.4404	0.3104	0.0118
1266				0.2894	0.3591	0.0116	0.4405	0.3081	0.0118
1267				0.2900	0.3585	0.0116	0.4407	0.3070	0.0118
1268				0.2902	0.3580	0.0116	0.4409	0.3041	0.0118
1269				0.2903	0.3577	0.0116	0.4416	0.2998	0.0117
1270				0.2912	0.3567	0.0116	0.4423	0.2966	0.0117
1271				0.2910	0.3561	0.0116	0.4432	0.2933	0.0117
1272				0.2913	0.3552	0.0116	0.4448	0.2854	0.0117
1273				0.2920	0.3541	0.0116	0.4457	0.2810	0.0117
1274				0.2923	0.3530	0.0116	0.4470	0.2762	0.0117
1275				0.2923	0.3522	0.0116	0.4496	0.2679	0.0117
1276				0.2929	0.3504	0.0116	0.4506	0.2644	0.0117
1277				0.2932	0.3496	0.0116	0.4527	0.2573	0.0117
1278				0.2935	0.3476	0.0116	0.4539	0.2541	0.0117
1279				0.2937	0.3466	0.0116	0.4547	0.2513	0.0117
1280				0.2940	0.3457	0.0116	0.4566	0.2465	0.0116
1281				0.2942	0.3442	0.0116	0.4573	0.2445	0.0116
1282				0.2946	0.3430	0.0116	0.4581	0.2427	0.0116
1283				0.2944	0.3419	0.0116	0.4593	0.2398	0.0116
1284				0.2943	0.3404	0.0116	0.4601	0.2383	0.0116
1285				0.2947	0.3395	0.0116	0.4607	0.2371	0.0116
1286				0.2948	0.3385	0.0116	0.4617	0.2357	0.0116
1287				0.2948	0.3370	0.0116	0.4621	0.2353	0.0116
1288				0.2949	0.3363	0.0116	0.4628	0.2349	0.0116
1289				0.2951	0.3354	0.0116	0.4630	0.2350	0.0116
1290				0.2955	0.3339	0.0116	0.4631	0.2352	0.0116
1291				0.2953	0.3330	0.0116	0.4633	0.2365	0.0116
1292				0.2950	0.3316	0.0116	0.4630	0.2374	0.0116
1293				0.2954	0.3310	0.0116	0.4628	0.2386	0.0116
1294				0.2952	0.3303	0.0116	0.4624	0.2415	0.0116
1295				0.2954	0.3291	0.0116	0.4619	0.2433	0.0116
1296				0.2952	0.3284	0.0116	0.4617	0.2452	0.0117
1297				0.2956	0.3277	0.0116	0.4609	0.2492	0.0117
1298				0.2959	0.3267	0.0115	0.4604	0.2517	0.0117
1299				0.2959	0.3260	0.0115	0.4601	0.2563	0.0117
1300				0.2959	0.3256	0.0115	0.4596	0.2587	0.0117
1301				0.2965	0.3245	0.0115	0.4596	0.2613	0.0117
1302				0.2968	0.3241	0.0115	0.4588	0.2662	0.0117
1303				0.2972	0.3231	0.0115	0.4584	0.2686	0.0117
1304				0.2974	0.3229	0.0115	0.4584	0.2713	0.0117
1305				0.2977	0.3222	0.0115	0.4581	0.2761	0.0117
1306							0.4576	0.2782	0.0117
1307							0.4572	0.2803	0.0117
1308							0.4575	0.2840	0.0117
1309							0.4571	0.2857	0.0117
1310							0.4569	0.2874	0.0117
1311							0.4570	0.2898	0.0118
1312							0.4569	0.2912	0.0118
1313							0.4571	0.2930	0.0118
1314							0.4574	0.2936	0.0118
1315							0.4574	0.2942	0.0118
1316							0.4581	0.2949	0.0118
1317							0.4585	0.2954	0.0118
1318							0.4584	0.2956	0.0118
1319							0.4590	0.2957	0.0118
1320							0.4595	0.2956	0.0118
1321							0.4594	0.2952	0.0118
1322							0.4602	0.2948	0.0118
1323							0.4605	0.2944	0.0118
1324							0.4614	0.2930	0.0118
1325							0.4618	0.2924	0.0118
1326							0.4619	0.2915	0.0118
1327							0.4628	0.2902	0.0118
1328							0.4630	0.2894	0.0118
1329							0.4634	0.2883	0.0118
1330							0.4637	0.2869	0.0118
1331							0.4640	0.2855	0.0118
1332							0.4644	0.2847	0.0118
1333							0.4648	0.2831	0.0117
1334							0.4649	0.2822	0.0117
1335							0.4645	0.2806	0.0117
1336							0.4648	0.2799	0.0117
1337							0.4651	0.2791	0.0117
1338							0.4653	0.2774	0.0117
1339							0.4650	0.2770	0.0117
1340							0.4653	0.2762	0.0117
1341							0.4651	0.2750	0.0117
1342							0.4654	0.2745	0.0117
1343							0.4650	0.2740	0.0117
1344							0.4650	0.2732	0.0117
1345							0.4649	0.2727	0.0117
1346							0.4646	0.2726	0.0117
1347							0.4647	0.2720	0.0117
1348							0.4646	0.2717	0.0117
1349							0.4644	0.2713	0.0117
1350							0.4645	0.2711	0.0117
1351							0.4644	0.2707	0.0117
1352							0.4644	0.2704	0.0117
1353							0.4647	0.2704	0.0117
1354							0.4644	0.2704	0.0117
1355							0.4644	0.2704	0.0117
1356							0.4644	0.2700	0.0117
1357							0.4646	0.2702	0.0117
1358							0.4645	0.2699	0.0117
1359							0.4646	0.2694	0.0117
1360							0.4650	0.2694	0.0117
1361							0.4652	0.2692	0.0117
1362							0.4651	0.2693	0.0117
1363							0.4654	0.2691	0.0117
1364							0.4656	0.2688	0.0117
1365							0.4658	0.2687	0.0117
1366							0.4658	0.2687	0.0117
1367							0.4658	0.2684	0.0117
1368							0.4663	0.2681	0.0117
1369							0.4662	0.2677	0.0117
1370							0.4661	0.2675	0.0117
1371							0.4664	0.2674	0.0117
1372							0.4661	0.2672	0.0117
1373							0.4663	0.2672	0.0117
1374							0.4665	0.2667	0.0117