	D:\RTS 2.0\Data\Walker, Alex_AW\2026-04-02_\SLVL 2.c3d	D:\RTS 2.0\Data\Walker, Alex_AW\2026-04-02_\SLVL 2.c3d	D:\RTS 2.0\Data\Walker, Alex_AW\2026-04-02_\SLVL 2.c3d	D:\RTS 2.0\Data\Walker, Alex_AW\2026-04-02_\SLVL 3.c3d	D:\RTS 2.0\Data\Walker, Alex_AW\2026-04-02_\SLVL 3.c3d	D:\RTS 2.0\Data\Walker, Alex_AW\2026-04-02_\SLVL 3.c3d	D:\RTS 2.0\Data\Walker, Alex_AW\2026-04-02_\SLVL 4.c3d	D:\RTS 2.0\Data\Walker, Alex_AW\2026-04-02_\SLVL 4.c3d	D:\RTS 2.0\Data\Walker, Alex_AW\2026-04-02_\SLVL 4.c3d
	L_Knee_Moment	L_Knee_Moment	L_Knee_Moment	L_Knee_Moment	L_Knee_Moment	L_Knee_Moment	L_Knee_Moment	L_Knee_Moment	L_Knee_Moment
	LINK_MODEL_BASED	LINK_MODEL_BASED	LINK_MODEL_BASED	LINK_MODEL_BASED	LINK_MODEL_BASED	LINK_MODEL_BASED	LINK_MODEL_BASED	LINK_MODEL_BASED	LINK_MODEL_BASED
	ORIGINAL	ORIGINAL	ORIGINAL	ORIGINAL	ORIGINAL	ORIGINAL	ORIGINAL	ORIGINAL	ORIGINAL
ITEM	X	Y	Z	X	Y	Z	X	Y	Z
1									
2									
3	18.94	5.64	-6.11	26.33	10.28	-13.33	19.72	11.88	-9.29
4	18.76	5.35	-6.08	26.69	10.08	-13.26	19.95	11.70	-9.24
5	18.61	5.05	-6.05	27.07	9.89	-13.19	20.19	11.52	-9.19
6	18.48	4.76	-6.01	27.50	9.69	-13.13	20.44	11.34	-9.12
7	18.37	4.48	-5.98	27.94	9.50	-13.06	20.67	11.17	-9.04
8	18.28	4.20	-5.94	28.42	9.31	-12.98	20.91	11.00	-8.96
9	18.19	3.96	-5.90	28.92	9.12	-12.91	21.13	10.84	-8.87
10	18.13	3.72	-5.86	29.46	8.94	-12.82	21.35	10.70	-8.76
11	18.07	3.52	-5.82	30.01	8.76	-12.72	21.55	10.56	-8.65
12	18.02	3.32	-5.77	30.58	8.60	-12.62	21.75	10.44	-8.53
13	17.97	3.16	-5.72	31.17	8.44	-12.51	21.94	10.34	-8.41
14	17.93	3.01	-5.67	31.78	8.29	-12.39	22.13	10.25	-8.28
15	17.89	2.90	-5.62	32.39	8.16	-12.26	22.31	10.18	-8.14
16	17.86	2.80	-5.57	33.01	8.04	-12.12	22.48	10.13	-8.00
17	17.82	2.73	-5.51	33.64	7.94	-11.98	22.66	10.10	-7.86
18	17.80	2.67	-5.45	34.26	7.87	-11.84	22.84	10.09	-7.71
19	17.77	2.64	-5.39	34.89	7.80	-11.69	23.02	10.09	-7.57
20	17.75	2.63	-5.33	35.52	7.76	-11.54	23.21	10.12	-7.42
21	17.72	2.64	-5.26	36.15	7.75	-11.38	23.41	10.16	-7.28
22	17.69	2.65	-5.19	36.77	7.75	-11.23	23.62	10.22	-7.15
23	17.67	2.70	-5.13	37.40	7.77	-11.07	23.86	10.29	-7.02
24	17.65	2.76	-5.05	38.02	7.84	-10.93	24.11	10.37	-6.89
25	17.64	2.83	-4.98	38.64	7.92	-10.78	24.39	10.47	-6.77
26	17.63	2.93	-4.90	39.28	8.03	-10.63	24.69	10.57	-6.66
27	17.63	3.05	-4.83	39.91	8.17	-10.49	25.01	10.68	-6.55
28	17.65	3.18	-4.75	40.56	8.33	-10.36	25.35	10.79	-6.46
29	17.68	3.35	-4.67	41.22	8.52	-10.23	25.71	10.90	-6.37
30	17.72	3.54	-4.59	41.91	8.72	-10.10	26.12	11.01	-6.29
31	17.79	3.76	-4.52	42.62	8.94	-9.97	26.55	11.11	-6.21
32	17.88	4.01	-4.45	43.37	9.18	-9.86	27.03	11.21	-6.14
33	18.00	4.29	-4.38	44.16	9.43	-9.74	27.55	11.30	-6.06
34	18.16	4.60	-4.32	44.98	9.69	-9.62	28.08	11.39	-5.99
35	18.33	4.94	-4.26	45.86	9.94	-9.50	28.67	11.46	-5.91
36	18.55	5.31	-4.21	46.78	10.20	-9.38	29.27	11.51	-5.83
37	18.80	5.70	-4.17	47.76	10.46	-9.26	29.88	11.57	-5.75
38	19.10	6.12	-4.13	48.79	10.70	-9.13	30.52	11.60	-5.66
39	19.42	6.57	-4.10	49.88	10.94	-9.00	31.15	11.63	-5.57
40	19.78	7.02	-4.08	51.03	11.17	-8.86	31.81	11.64	-5.48
41	20.18	7.50	-4.06	52.24	11.37	-8.71	32.47	11.65	-5.38
42	20.63	7.99	-4.04	53.50	11.58	-8.56	33.13	11.65	-5.28
43	21.11	8.48	-4.03	54.80	11.76	-8.39	33.81	11.64	-5.17
44	21.63	8.98	-4.02	56.16	11.94	-8.23	34.49	11.62	-5.06
45	22.20	9.48	-4.01	57.54	12.09	-8.04	35.17	11.62	-4.96
46	22.82	9.96	-4.00	58.95	12.24	-7.85	35.87	11.60	-4.84
47	23.47	10.46	-3.99	60.37	12.37	-7.65	36.57	11.59	-4.73
48	24.19	10.93	-3.98	61.80	12.50	-7.45	37.29	11.60	-4.62
49	24.95	11.40	-3.98	63.23	12.60	-7.23	38.01	11.60	-4.51
50	25.76	11.86	-3.98	64.63	12.70	-7.01	38.77	11.62	-4.41
51	26.63	12.32	-3.98	66.01	12.80	-6.79	39.53	11.65	-4.31
52	27.57	12.77	-3.98	67.35	12.88	-6.56	40.32	11.68	-4.22
53	28.55	13.20	-4.00	68.66	12.96	-6.34	41.12	11.74	-4.13
54	29.61	13.65	-4.02	69.92	13.03	-6.11	41.96	11.80	-4.06
55	30.72	14.07	-4.05	71.12	13.10	-5.88	42.80	11.88	-3.98
56	31.89	14.51	-4.09	72.29	13.16	-5.65	43.68	11.98	-3.92
57	33.12	14.94	-4.14	73.39	13.21	-5.42	44.57	12.09	-3.87
58	34.41	15.37	-4.20	74.45	13.27	-5.20	45.49	12.21	-3.82
59	35.75	15.80	-4.28	75.45	13.31	-4.98	46.42	12.35	-3.79
60	37.14	16.24	-4.37	76.40	13.36	-4.78	47.37	12.50	-3.75
61	38.59	16.67	-4.47	77.31	13.40	-4.57	48.34	12.66	-3.73
62	40.08	17.12	-4.59	78.18	13.44	-4.39	49.31	12.83	-3.72
63	41.61	17.56	-4.72	79.01	13.47	-4.23	50.30	13.01	-3.71
64	43.19	17.99	-4.86	79.80	13.51	-4.09	51.29	13.19	-3.71
65	44.79	18.43	-5.02	80.57	13.53	-3.97	52.28	13.38	-3.72
66	46.42	18.86	-5.19	81.32	13.56	-3.88	53.25	13.58	-3.74
67	48.07	19.28	-5.37	82.04	13.58	-3.81	54.21	13.76	-3.77
68	49.74	19.68	-5.56	82.76	13.61	-3.79	55.16	13.94	-3.81
69	51.43	20.07	-5.76	83.46	13.61	-3.79	56.07	14.13	-3.86
70	53.13	20.43	-5.96	84.17	13.63	-3.84	56.96	14.29	-3.92
71	54.80	20.78	-6.17	84.86	13.63	-3.91	57.82	14.44	-3.98
72	56.50	21.10	-6.39	85.57	13.63	-4.02	58.64	14.57	-4.05
73	58.15	21.39	-6.60	86.27	13.62	-4.18	59.42	14.69	-4.13
74	59.79	21.64	-6.81	86.99	13.61	-4.37	60.16	14.78	-4.21
75	61.39	21.86	-7.02	87.71	13.60	-4.60	60.87	14.86	-4.30
76	62.95	22.05	-7.22	88.45	13.59	-4.86	61.53	14.91	-4.39
77	64.47	22.19	-7.42	89.19	13.57	-5.17	62.16	14.94	-4.50
78	65.93	22.29	-7.61	89.94	13.56	-5.50	62.75	14.95	-4.61
79	67.36	22.35	-7.80	90.70	13.54	-5.88	63.32	14.94	-4.74
80	68.72	22.36	-7.97	91.46	13.53	-6.28	63.85	14.91	-4.88
81	70.04	22.34	-8.14	92.23	13.51	-6.71	64.35	14.86	-5.03
82	71.31	22.27	-8.29	92.98	13.50	-7.17	64.84	14.80	-5.20
83	72.52	22.17	-8.44	93.73	13.49	-7.65	65.32	14.73	-5.39
84	73.70	22.03	-8.58	94.46	13.49	-8.15	65.77	14.64	-5.60
85	74.82	21.85	-8.71	95.16	13.48	-8.67	66.23	14.55	-5.83
86	75.91	21.64	-8.84	95.83	13.48	-9.20	66.68	14.45	-6.09
87	76.94	21.40	-8.96	96.45	13.49	-9.75	67.13	14.36	-6.37
88	77.94	21.13	-9.08	97.04	13.49	-10.31	67.58	14.26	-6.66
89	78.90	20.83	-9.21	97.58	13.50	-10.87	68.05	14.16	-6.98
90	79.81	20.51	-9.33	98.07	13.51	-11.44	68.52	14.05	-7.30
91	80.69	20.18	-9.46	98.48	13.52	-12.01	69.02	13.94	-7.64
92	81.52	19.82	-9.59	98.83	13.54	-12.58	69.52	13.84	-8.00
93	82.29	19.45	-9.73	99.09	13.56	-13.14	70.03	13.73	-8.35
94	83.03	19.08	-9.88	99.27	13.59	-13.69	70.55	13.63	-8.73
95	83.71	18.69	-10.04	99.34	13.62	-14.23	71.09	13.53	-9.12
96	84.34	18.30	-10.22	99.31	13.65	-14.76	71.62	13.43	-9.50
97	84.92	17.91	-10.41	99.17	13.69	-15.26	72.16	13.35	-9.90
98	85.45	17.52	-10.61	98.92	13.74	-15.76	72.70	13.26	-10.31
99	85.93	17.13	-10.83	98.55	13.79	-16.21	73.24	13.17	-10.71
100	86.38	16.75	-11.07	98.06	13.84	-16.65	73.76	13.09	-11.11
101	86.77	16.37	-11.32	97.46	13.90	-17.05	74.27	13.01	-11.51
102	87.14	16.01	-11.60	96.75	13.96	-17.40	74.78	12.93	-11.90
103	87.46	15.65	-11.88	95.92	14.03	-17.73	75.25	12.86	-12.29
104	87.74	15.30	-12.18	94.99	14.09	-18.00	75.71	12.78	-12.67
105	87.97	14.97	-12.50	93.97	14.16	-18.23	76.13	12.72	-13.03
106	88.17	14.65	-12.83	92.85	14.22	-18.41	76.51	12.65	-13.38
107	88.32	14.35	-13.16	91.66	14.27	-18.54	76.85	12.59	-13.72
108	88.43	14.06	-13.50	90.39	14.32	-18.62	77.15	12.54	-14.04
109	88.51	13.79	-13.85	89.07	14.36	-18.65	77.40	12.49	-14.34
110	88.55	13.53	-14.19	87.68	14.39	-18.63	77.60	12.46	-14.63
111	88.55	13.28	-14.53	86.26	14.42	-18.56	77.75	12.43	-14.90
112	88.54	13.05	-14.85	84.80	14.43	-18.44	77.84	12.41	-15.15
113	88.49	12.83	-15.16	83.30	14.42	-18.28	77.88	12.40	-15.38
114	88.44	12.61	-15.45	81.77	14.41	-18.08	77.87	12.40	-15.59
115	88.36	12.40	-15.72	80.22	14.37	-17.83	77.80	12.43	-15.79
116	88.26	12.20	-15.95	78.63	14.31	-17.52	77.67	12.45	-15.96
117	88.17	12.01	-16.16	77.01	14.25	-17.19	77.50	12.50	-16.12
118	88.05	11.81	-16.32	75.36	14.15	-16.81	77.27	12.55	-16.26
119	87.94	11.62	-16.46	73.70	14.04	-16.39	77.00	12.62	-16.38
120	87.82	11.42	-16.55	71.99	13.91	-15.95	76.68	12.71	-16.48
121	87.69	11.23	-16.61	70.26	13.76	-15.47	76.31	12.81	-16.57
122	87.55	11.02	-16.62	68.50	13.59	-14.97	75.91	12.91	-16.63
123	87.41	10.81	-16.60	66.71	13.41	-14.45	75.46	13.04	-16.68
124	87.28	10.59	-16.53	64.90	13.22	-13.92	74.96	13.18	-16.71
125	87.12	10.35	-16.42	63.06	13.00	-13.37	74.44	13.33	-16.72
126	86.98	10.09	-16.27	61.19	12.77	-12.81	73.87	13.48	-16.70
127	86.83	9.82	-16.08	59.29	12.51	-12.24	73.28	13.64	-16.67
128	86.67	9.53	-15.87	57.38	12.23	-11.65	72.64	13.80	-16.61
129	86.52	9.21	-15.62	55.43	11.94	-11.08	71.97	13.97	-16.53
130	86.36	8.89	-15.35	53.46	11.62	-10.49	71.28	14.13	-16.42
131	86.20	8.53	-15.06	51.46	11.27	-9.90	70.54	14.28	-16.29
132	86.05	8.16	-14.75	49.44	10.90	-9.33	69.78	14.43	-16.13
133	85.88	7.77	-14.44	47.38	10.50	-8.74	68.99	14.56	-15.96
134	85.71	7.34	-14.11	45.30	10.08	-8.17	68.17	14.67	-15.75
135	85.53	6.89	-13.76	43.18	9.61	-7.60	67.31	14.75	-15.53
136	85.34	6.42	-13.41	41.04	9.13	-7.05	66.43	14.81	-15.28
137	85.13	5.91	-13.05	38.87	8.61	-6.49	65.52	14.84	-15.01
138	84.90	5.38	-12.69	36.69	8.06	-5.96	64.58	14.84	-14.73
139	84.65	4.82	-12.32	34.48	7.48	-5.44	63.61	14.78	-14.42
140	84.37	4.24	-11.95	32.26	6.86	-4.93	62.62	14.68	-14.11
141	84.05	3.63	-11.59	30.05	6.22	-4.45	61.62	14.52	-13.77
142	83.71	3.00	-11.22	27.86	5.55	-3.99	60.58	14.32	-13.43
143	83.32	2.35	-10.87	25.68	4.86	-3.56	59.54	14.04	-13.06
144	82.90	1.68	-10.51	23.54	4.14	-3.16	58.47	13.71	-12.70
145	82.43	1.00	-10.16	21.45	3.41	-2.79	57.38	13.31	-12.33
146	81.92	0.30	-9.82	19.43	2.66	-2.46	56.30	12.85	-11.95
147	81.37	-0.41	-9.48	17.49	1.90	-2.16	55.21	12.32	-11.57
148	80.77	-1.13	-9.15	15.65	1.13	-1.91	54.14	11.73	-11.20
149	80.13	-1.86	-8.82	13.92	0.37	-1.71	53.08	11.09	-10.83
150	79.44	-2.59	-8.50	12.32	-0.38	-1.56	52.04	10.39	-10.47
151	78.71	-3.32	-8.19	10.86	-1.11	-1.46	51.03	9.66	-10.13
152	77.95	-4.04	-7.90	9.56	-1.81	-1.43	50.05	8.89	-9.81
153	77.13	-4.76	-7.61	8.42	-2.48	-1.45	49.09	8.10	-9.51
154	76.30	-5.46	-7.34	7.47	-3.09	-1.55	48.18	7.30	-9.24
155	75.41	-6.15	-7.08	6.71	-3.65	-1.73	47.30	6.49	-9.00
156	74.52	-6.82	-6.83	6.15	-4.13	-1.98	46.45	5.69	-8.78
157	73.59	-7.46	-6.61	5.81	-4.54	-2.31	45.64	4.90	-8.59
158	72.64	-8.08	-6.40	5.69	-4.86	-2.71	44.87	4.13	-8.43
159	71.68	-8.66	-6.22	5.79	-5.07	-3.19	44.13	3.39	-8.30
160	70.71	-9.21	-6.06	6.13	-5.19	-3.75	43.41	2.69	-8.20
161	69.74	-9.72	-5.94	6.69	-5.18	-4.39	42.72	2.03	-8.12
162	68.79	-10.18	-5.84	7.50	-5.05	-5.10	42.05	1.42	-8.07
163	67.85	-10.59	-5.79	8.54	-4.78	-5.89	41.39	0.87	-8.05
164	66.93	-10.96	-5.76	9.81	-4.38	-6.75	40.75	0.36	-8.05
165	66.04	-11.27	-5.77	11.32	-3.84	-7.68	40.12	-0.08	-8.07
166	65.18	-11.51	-5.84	13.07	-3.16	-8.67	39.50	-0.47	-8.12
167	64.37	-11.71	-5.93	15.03	-2.33	-9.71	38.89	-0.80	-8.18
168	63.61	-11.84	-6.08	17.22	-1.37	-10.80	38.30	-1.07	-8.26
169	62.90	-11.89	-6.27	19.63	-0.26	-11.92	37.70	-1.30	-8.35
170	62.28	-11.89	-6.51	22.25	0.99	-13.08	37.13	-1.48	-8.44
171	61.70	-11.80	-6.80	25.08	2.37	-14.26	36.55	-1.61	-8.55
172	61.21	-11.65	-7.12	28.12	3.87	-15.45	35.99	-1.71	-8.66
173	60.80	-11.42	-7.50	31.36	5.51	-16.65	35.43	-1.77	-8.76
174	60.46	-11.10	-7.92	34.80	7.26	-17.83	34.90	-1.81	-8.87
175	60.22	-10.71	-8.39	38.43	9.12	-19.01	34.38	-1.81	-8.99
176	60.06	-10.22	-8.90	42.24	11.09	-20.14	33.89	-1.80	-9.11
177	59.99	-9.65	-9.46	46.22	13.15	-21.25	33.44	-1.77	-9.22
178	60.01	-8.98	-10.06	50.35	15.29	-22.30	33.03	-1.72	-9.35
179	60.13	-8.21	-10.72	54.63	17.52	-23.31	32.68	-1.67	-9.48
180	60.35	-7.34	-11.40	59.04	19.80	-24.24	32.40	-1.62	-9.62
181	60.66	-6.37	-12.13	63.53	22.14	-25.10	32.19	-1.57	-9.76
182	61.08	-5.29	-12.89	68.12	24.52	-25.89	32.08	-1.51	-9.91
183	61.60	-4.11	-13.67	72.74	26.92	-26.60	32.06	-1.45	-10.08
184	62.23	-2.81	-14.48	77.41	29.35	-27.23	32.16	-1.40	-10.26
185	62.97	-1.41	-15.31	82.11	31.77	-27.78	32.38	-1.34	-10.47
186	63.81	0.10	-16.15	86.83	34.18	-28.24	32.73	-1.28	-10.69
187	64.77	1.72	-17.00	91.57	36.55	-28.61	33.23	-1.21	-10.94
188	65.84	3.45	-17.85	96.30	38.87	-28.91	33.86	-1.12	-11.22
189	67.02	5.28	-18.69	101.02	41.11	-29.12	34.67	-1.00	-11.53
190	68.30	7.21	-19.51	105.72	43.27	-29.26	35.63	-0.85	-11.88
191	69.68	9.24	-20.31	110.39	45.31	-29.32	36.75	-0.67	-12.27
192	71.15	11.36	-21.08	114.99	47.22	-29.31	38.03	-0.43	-12.70
193	72.73	13.55	-21.80	119.55	48.97	-29.23	39.49	-0.13	-13.16
194	74.39	15.83	-22.49	124.04	50.55	-29.09	41.11	0.23	-13.66
195	76.14	18.16	-23.11	128.43	51.95	-28.89	42.89	0.65	-14.19
196	77.97	20.56	-23.69	132.72	53.14	-28.62	44.84	1.17	-14.76
197	79.89	23.00	-24.20	136.89	54.11	-28.29	46.94	1.76	-15.34
198	81.88	25.47	-24.65	140.94	54.85	-27.90	49.18	2.45	-15.94
199	83.93	27.97	-25.04	144.82	55.35	-27.44	51.58	3.24	-16.56
200	86.04	30.48	-25.35	148.54	55.62	-26.92	54.10	4.13	-17.18
201	88.21	32.98	-25.60	152.07	55.66	-26.33	56.74	5.12	-17.80
202	90.43	35.47	-25.78	155.39	55.47	-25.68	59.50	6.22	-18.42
203	92.70	37.91	-25.89	158.50	55.07	-24.97	62.37	7.42	-19.03
204	95.00	40.30	-25.93	161.34	54.47	-24.20	65.35	8.73	-19.62
205	97.33	42.63	-25.90	163.91	53.67	-23.37	68.42	10.14	-20.20
206	99.69	44.86	-25.79	166.19	52.70	-22.49	71.57	11.64	-20.76
207	102.06	46.98	-25.62	168.13	51.56	-21.57	74.79	13.24	-21.29
208	104.44	48.97	-25.38	169.72	50.27	-20.60	78.07	14.92	-21.79
209	106.83	50.80	-25.06	170.91	48.85	-19.61	81.38	16.67	-22.26
210	109.19	52.47	-24.67	171.68	47.31	-18.59	84.72	18.48	-22.67
211	111.55	53.93	-24.21	171.99	45.68	-17.55	88.05	20.32	-23.04
212	113.83	55.19	-23.67	171.81	43.97	-16.50	91.39	22.18	-23.35
213	116.06	56.22	-23.06	171.11	42.21	-15.45	94.72	24.04	-23.58
214	118.18	57.00	-22.37	169.86	40.43	-14.42	98.04	25.88	-23.76
215	120.17	57.55	-21.62	168.01	38.64	-13.39	101.34	27.68	-23.87
216	122.00	57.83	-20.79	165.56	36.88	-12.41	104.62	29.43	-23.91
217	123.62	57.86	-19.89	162.48	35.15	-11.44	107.86	31.09	-23.87
218	125.00	57.63	-18.91	158.77	33.50	-10.53	111.07	32.67	-23.77
219	126.07	57.15	-17.88	154.41	31.92	-9.64	114.21	34.13	-23.60
220	126.82	56.43	-16.77	149.40	30.46	-8.81	117.27	35.46	-23.35
221	127.18	55.48	-15.61	143.77	29.10	-8.01	120.26	36.64	-23.04
222	127.12	54.30	-14.37	137.51	27.85	-7.26	123.12	37.67	-22.67
223	126.57	52.93	-13.08	130.69	26.72	-6.55	125.86	38.53	-22.22
224	125.51	51.37	-11.75	123.32	25.69	-5.88	128.43	39.22	-21.71
225	123.88	49.65	-10.37	115.48	24.72	-5.22	130.83	39.71	-21.14
226	121.65	47.78	-8.97	107.22	23.83	-4.60	133.00	40.02	-20.52
227	118.78	45.79	-7.55	98.63	22.96	-3.98	134.93	40.13	-19.83
228	115.24	43.69	-6.13	89.81	22.07	-3.38	136.56	40.05	-19.10
229	111.02	41.50	-4.73	80.85	21.14	-2.80	137.88	39.78	-18.32
230	106.12	39.23	-3.35	71.86	20.12	-2.22	138.84	39.32	-17.48
231	100.53	36.91	-2.00	62.96	18.98	-1.67	139.41	38.70	-16.62
232	94.30	34.54	-0.71	54.25	17.70	-1.15	139.57	37.90	-15.71
233	87.45	32.12	0.51	45.87	16.25	-0.66	139.26	36.96	-14.77
234	80.04	29.67	1.66	37.87	14.65	-0.23	138.44	35.88	-13.81
235	72.15	27.20	2.72	30.38	12.88	0.13	137.09	34.68	-12.82
236	63.85	24.70	3.68	23.45	10.99	0.41	135.17	33.38	-11.81
237	55.23	22.19	4.52	17.16	9.02	0.59	132.65	31.98	-10.80
238	46.42	19.67	5.25	11.52	7.01	0.69	129.49	30.52	-9.78
239	37.54	17.13	5.85	6.57	5.04	0.68	125.69	29.00	-8.78
240	28.70	14.59	6.31	2.33	3.18	0.59	121.22	27.43	-7.78
241	20.06	12.07	6.63	-1.21	1.47	0.44	116.10	25.82	-6.80
242	11.74	9.56	6.81	-4.08	-0.02	0.24	110.33	24.20	-5.85
243	3.86	7.10	6.84	-3.23	3.03	0.46	103.93	22.56	-4.93
244	-3.46	4.68	6.72	-4.07	2.66	0.50	96.96	20.90	-4.05
245	-10.10	2.35	6.45	-4.78	2.33	0.50	89.45	19.25	-3.20
246	-16.03	0.11	6.04	-5.30	2.01	0.47	81.47	17.58	-2.39
247	-21.14	-2.00	5.50	-5.63	1.68	0.41	73.10	15.93	-1.63
248	-25.43	-3.97	4.84	-5.72	1.30	0.32	64.44	14.26	-0.91
249	-28.91	-5.78	4.08	-5.57	0.88	0.21	55.58	12.57	-0.24
250	-31.55	-7.39	3.25	-5.18	0.36	0.08	46.67	10.88	0.37
251	-33.41	-8.79	2.38	-4.54	-0.28	-0.08	37.79	9.16	0.92
252	-34.51	-9.95	1.49	-3.67	-1.04	-0.26	29.10	7.43	1.40
253	-34.88	-10.86	0.62	-2.58	-1.93	-0.46	20.71	5.69	1.80
254	-34.56	-11.49	-0.18	-1.31	-2.94	-0.66	12.75	3.93	2.12
255	-6.79	0.31	-0.25	0.12	-4.04	-0.86	5.32	2.19	2.33
256	-7.74	-0.12	-0.36	1.63	-5.23	-1.05	-1.47	0.45	2.45
257	-8.33	-0.44	-0.47	3.20	-6.45	-1.22	-7.58	-1.24	2.45
258	-8.49	-0.64	-0.54	4.77	-7.69	-1.37	-12.96	-2.89	2.34
259	-8.21	-0.77	-0.59	6.27	-8.91	-1.49	-17.56	-4.45	2.13
260	-7.50	-0.87	-0.61	7.71	-10.09	-1.58	-21.41	-5.91	1.81
261	-6.37	-0.97	-0.61	9.03	-11.19	-1.63	-24.51	-7.23	1.41
262	-4.88	-1.14	-0.59	10.23	-12.19	-1.65	-26.88	-8.39	0.95
263	-3.05	-1.39	-0.58	11.29	-13.09	-1.63	-28.56	-9.34	0.45
264	-0.94	-1.78	-0.57	12.22	-13.84	-1.58	-13.03	0.51	0.78
265	1.39	-2.27	-0.58	12.98	-14.44	-1.50	-14.43	-0.37	0.65
266	3.90	-2.88	-0.58	13.61	-14.88	-1.40	-15.53	-1.16	0.48
267	6.53	-3.58	-0.59	14.05	-15.16	-1.28	-16.27	-1.87	0.28
268	9.20	-4.35	-0.61	14.33	-15.27	-1.15	-16.56	-2.51	0.07
269	11.87	-5.18	-0.61	14.42	-15.22	-1.02	-16.40	-3.11	-0.14
270	14.46	-6.02	-0.61	14.32	-15.03	-0.89	-15.78	-3.74	-0.35
271	16.94	-6.85	-0.59	14.04	-14.70	-0.76	-14.70	-4.42	-0.55
272	19.26	-7.67	-0.56	13.54	-14.24	-0.63	-13.22	-5.20	-0.74
273	21.38	-8.42	-0.51	12.85	-13.66	-0.51	-11.33	-6.08	-0.93
274	23.27	-9.11	-0.45	11.98	-12.98	-0.40	-9.08	-7.05	-1.09
275	24.89	-9.71	-0.38	10.91	-12.22	-0.28	-6.53	-8.09	-1.24
276	26.22	-10.22	-0.29	9.68	-11.40	-0.17	-3.74	-9.16	-1.35
277	27.22	-10.60	-0.20	8.30	-10.52	-0.07	-0.76	-10.24	-1.44
278	27.89	-10.87	-0.10	6.78	-9.64	0.04	2.31	-11.29	-1.49
279	28.19	-11.00	0.00	5.16	-8.74	0.14	5.41	-12.26	-1.50
280	28.14	-10.99	0.10	3.45	-7.87	0.25	8.46	-13.13	-1.48
281	27.72	-10.83	0.20	1.69	-7.04	0.34	11.44	-13.86	-1.42
282	26.97	-10.52	0.28	-0.10	-6.26	0.43	14.28	-14.45	-1.34
283	25.87	-10.06	0.36	-1.89	-5.55	0.51	16.95	-14.85	-1.23
284	24.47	-9.47	0.42	-3.66	-4.93	0.58	19.42	-15.06	-1.11
285	22.80	-8.72	0.47	-5.38	-4.38	0.64	21.68	-15.07	-0.97
286	20.88	-7.86	0.51	-7.01	-3.94	0.68	23.67	-14.90	-0.84
287	18.75	-6.87	0.53	-8.53	-3.58	0.71	25.38	-14.53	-0.71
288	16.45	-5.79	0.55	-9.93	-3.30	0.72	26.77	-13.98	-0.58
289	14.02	-4.65	0.57	-11.19	-3.09	0.72	27.84	-13.28	-0.47
290	11.52	-3.44	0.57	-12.29	-2.93	0.71	28.56	-12.42	-0.38
291	8.94	-2.23	0.59	-13.23	-2.83	0.69	28.91	-11.43	-0.30
292	6.35	-1.01	0.60	-14.01	-2.76	0.66	28.89	-10.34	-0.24
293	3.79	0.17	0.61	-14.60	-2.70	0.63	28.49	-9.16	-0.19
294	1.28	1.30	0.63	-15.05	-2.67	0.59	27.75	-7.93	-0.15
295	-1.14	2.36	0.64	-15.33	-2.64	0.56	26.65	-6.67	-0.11
296	-3.44	3.32	0.66	-15.46	-2.60	0.53	25.26	-5.40	-0.08
297	-5.59	4.18	0.68	-15.46	-2.55	0.50	23.57	-4.14	-0.05
298	-7.59	4.93	0.70	-15.35	-2.46	0.48	21.65	-2.94	-0.01
299	-9.41	5.54	0.71	-15.12	-2.34	0.46	19.53	-1.78	0.03
300	-11.04	6.06	0.72	-14.81	-2.17	0.44	17.25	-0.71	0.08
301	-12.49	6.48	0.72	-14.43	-1.96	0.43	14.84	0.28	0.14
302	-13.76	6.79	0.72	-13.97	-1.70	0.41	12.36	1.16	0.20
303	-14.85	7.04	0.71	-13.46	-1.40	0.40	9.84	1.91	0.27
304	-15.76	7.23	0.71	-12.91	-1.07	0.38	7.29	2.56	0.33
305	-16.51	7.36	0.70	-12.32	-0.70	0.35	4.77	3.07	0.40
306	-17.10	7.45	0.69	-11.69	-0.32	0.32	2.30	3.46	0.45
307	-17.56	7.51	0.69	-11.05	0.07	0.27	-0.08	3.72	0.50
308	-17.86	7.54	0.69	-10.36	0.47	0.22	-2.37	3.88	0.54
309	-18.05	7.54	0.69	-9.68	0.85	0.15	-4.52	3.93	0.57
310	-18.09	7.54	0.69	-8.96	1.21	0.08	-6.51	3.89	0.59
311	-18.04	7.51	0.70	-8.26	1.55	-0.00	-8.35	3.78	0.59
312	-17.87	7.45	0.70	-7.53	1.86	-0.09	-10.01	3.61	0.58
313	-17.61	7.39	0.71	-6.83	2.15	-0.17	-11.48	3.41	0.57
314	-17.24	7.30	0.70	-6.11	2.40	-0.26	-12.74	3.20	0.55
315	-16.79	7.19	0.70	-5.41	2.64	-0.35	-13.81	2.98	0.53
316	-16.26	7.05	0.68	-4.73	2.86	-0.43	-14.67	2.77	0.51
317	-15.65	6.89	0.66	-4.06	3.05	-0.50	-15.32	2.59	0.49
318	-14.97	6.71	0.62	-3.42	3.24	-0.57	-15.78	2.45	0.48
319	-14.24	6.52	0.57	-2.80	3.39	-0.63	-16.06	2.34	0.47
320	-13.46	6.31	0.52	-2.21	3.53	-0.68	-16.15	2.28	0.47
321	-12.64	6.08	0.45	-1.66	3.65	-0.71	-16.08	2.25	0.47
322	-11.80	5.84	0.37	-1.14	3.73	-0.74	-15.88	2.26	0.48
323	-10.93	5.60	0.29	-0.67	3.81	-0.76	-15.53	2.31	0.48
324	-10.06	5.33	0.19	-0.24	3.86	-0.76	-15.10	2.40	0.49
325	-9.16	5.06	0.09	0.14	3.90	-0.75	-14.57	2.49	0.49
326	-8.28	4.77	-0.01	0.46	3.93	-0.73	-13.97	2.63	0.48
327	-7.38	4.48	-0.12	0.73	3.95	-0.70	-13.34	2.77	0.47
328	-6.49	4.19	-0.22	0.96	3.97	-0.65	-12.68	2.94	0.46
329	-5.59	3.90	-0.33	1.12	3.99	-0.59	-12.02	3.12	0.43
330	-4.69	3.62	-0.42	1.22	4.01	-0.53	-11.36	3.29	0.40
331	-3.78	3.34	-0.51	1.28	4.03	-0.45	-10.71	3.46	0.36
332	-2.87	3.10	-0.59	1.27	4.06	-0.37	-10.09	3.63	0.31
333	-1.95	2.86	-0.66	1.22	4.10	-0.28	-9.49	3.77	0.26
334	-1.02	2.65	-0.71	1.13	4.13	-0.19	-8.90	3.91	0.21
335	-0.10	2.48	-0.76	1.02	4.18	-0.10	-8.32	4.01	0.14
336	0.82	2.32	-0.79	0.88	4.23	-0.02	-7.76	4.10	0.08
337	1.72	2.20	-0.80	0.74	4.30	0.07	-7.19	4.15	0.02
338	2.61	2.10	-0.81	0.57	4.37	0.15	-6.62	4.17	-0.04
339	3.47	2.03	-0.80	0.39	4.44	0.22	-6.04	4.15	-0.10
340	4.29	1.98	-0.79	0.20	4.53	0.29	-5.44	4.10	-0.15
341	5.08	1.92	-0.76	0.02	4.61	0.35	-4.83	4.02	-0.20
342	5.81	1.87	-0.72	-0.17	4.70	0.41	-4.20	3.92	-0.24
343	6.48	1.81	-0.67	-0.35	4.78	0.45	-3.55	3.80	-0.27
344	7.09	1.73	-0.61	-0.53	4.86	0.48	-2.89	3.65	-0.29
345	7.63	1.64	-0.55	-0.69	4.94	0.50	-2.23	3.49	-0.30
346	8.10	1.51	-0.47	-0.86	5.00	0.52	-1.56	3.32	-0.30
347	8.50	1.35	-0.39	-0.99	5.05	0.52	-0.92	3.15	-0.30
348	8.83	1.14	-0.29	-1.12	5.09	0.52	-0.29	2.97	-0.28
349	9.09	0.89	-0.20	-1.23	5.11	0.51	0.30	2.78	-0.26
350	9.28	0.59	-0.10	-1.32	5.11	0.49	0.86	2.61	-0.23
351	9.40	0.24	0.01	-1.38	5.09	0.46	1.36	2.43	-0.19
352	9.48	-0.16	0.11	-1.41	5.05	0.44	1.81	2.27	-0.14
353	9.49	-0.61	0.21	-1.41	5.00	0.40	2.20	2.11	-0.09
354	9.45	-1.10	0.31	-1.37	4.94	0.37	2.54	1.98	-0.03
355	9.36	-1.63	0.41	-1.31	4.86	0.33	2.80	1.85	0.03
356	9.21	-2.21	0.49	-1.20	4.78	0.29	3.02	1.73	0.10
357	9.02	-2.82	0.57	-1.07	4.70	0.24	3.17	1.64	0.17
358	8.77	-3.47	0.64	-0.90	4.62	0.19	3.26	1.56	0.24
359	8.47	-4.15	0.69	-0.70	4.55	0.14	3.30	1.48	0.32
360	8.10	-4.85	0.74	-0.48	4.48	0.08	3.29	1.44	0.39
361	7.68	-5.57	0.77	-0.24	4.43	0.03	3.25	1.41	0.45
362	7.18	-6.32	0.78	0.02	4.39	-0.04	3.17	1.40	0.51
363	6.62	-7.07	0.78	0.30	4.36	-0.10	3.07	1.42	0.57
364	5.99	-7.84	0.77	0.58	4.34	-0.16	2.95	1.45	0.62
365	5.28	-8.60	0.75	0.85	4.35	-0.23	2.81	1.51	0.66
366	4.49	-9.36	0.71	1.11	4.36	-0.30	2.66	1.57	0.70
367	3.63	-10.11	0.66	1.35	4.40	-0.37	2.50	1.67	0.72
368	2.67	-10.82	0.60	1.56	4.43	-0.43	2.34	1.76	0.74
369	1.64	-11.49	0.53	1.73	4.50	-0.49	2.18	1.88	0.75
370	0.52	-12.11	0.44	1.84	4.56	-0.55	2.01	1.98	0.75
371	-0.66	-12.66	0.35	1.89	4.65	-0.61	1.86	2.10	0.75
372	-1.92	-13.12	0.26	1.85	4.73	-0.66	1.69	2.21	0.73
373	-3.22	-13.48	0.16	1.74	4.82	-0.70	1.54	2.30	0.71
374	-4.57	-13.74	0.06	1.52	4.90	-0.74	1.39	2.37	0.68
375	-5.95	-13.86	-0.05	1.17	4.97	-0.76	1.24	2.41	0.65
376	-7.34	-13.87	-0.15	0.73	4.99	-0.78	1.11	2.42	0.60
377	-8.73	-13.73	-0.24	0.13	4.97	-0.79	0.97	2.39	0.55
378	-10.09	-13.46	-0.32	-0.60	4.86	-0.78	0.84	2.32	0.49
379	-11.41	-13.04	-0.39	-1.46	4.66	-0.76	0.72	2.21	0.42
380	-12.68	-12.49	-0.45	-2.47	4.35	-0.73	0.62	2.07	0.34
381	-13.89	-11.80	-0.49	-3.60	3.91	-0.68	0.53	1.90	0.26
382	-15.02	-10.99	-0.52	-4.85	3.34	-0.62	0.46	1.69	0.16
383	-16.05	-10.08	-0.53	-6.20	2.60	-0.55	0.39	1.48	0.07
384	-16.99	-9.04	-0.52	-7.63	1.70	-0.45	0.34	1.24	-0.03
385	-17.80	-7.94	-0.49	-9.09	0.63	-0.34	0.29	0.98	-0.13
386	-18.46	-6.76	-0.46	-10.54	-0.62	-0.21	0.22	0.71	-0.23
387	-18.98	-5.53	-0.41	-11.93	-2.01	-0.06	0.14	0.42	-0.34
388	-19.30	-4.27	-0.35	-13.19	-3.56	0.13	0.00	0.12	-0.44
389	-19.41	-3.02	-0.29	-14.24	-5.23	0.34	-0.18	-0.20	-0.54
390	-19.27	-1.77	-0.22	-26.43	6.44	0.93	-0.44	-0.52	-0.64
391	-18.88	-0.57	-0.15	-28.22	10.23	1.55	-0.78	-0.86	-0.73
392	-18.19	0.56	-0.08	-29.04	14.80	2.03	-1.22	-1.17	-0.82
393	-17.20	1.61	-0.03	-28.78	20.12	2.32	-1.75	-1.48	-0.89
394	-23.20	32.05	0.66	-27.40	26.10	2.39	-2.41	-1.79	-0.95
395	-22.88	38.07	0.68	-24.90	32.58	2.21	-3.18	-2.07	-1.00
396	-22.08	43.77	0.58	-21.31	39.38	1.74	-4.07	-2.35	-1.04
397	-20.78	49.07	0.35	-16.68	46.33	0.97	-5.08	-2.62	-1.06
398	-18.93	53.90	-0.01	-11.13	53.20	-0.09	-6.21	-2.89	-1.06
399	-16.58	58.26	-0.49	-4.73	59.84	-1.45	-7.43	-3.15	-1.04
400	-13.73	62.16	-1.06	2.50	66.10	-3.05	-8.75	-3.44	-1.01
401	-10.48	65.64	-1.71	10.50	71.81	-4.88	-10.13	-3.74	-0.95
402	-6.90	68.75	-2.41	19.24	76.84	-6.86	-11.55	-4.08	-0.87
403	-3.13	71.57	-3.14	28.66	81.07	-8.96	-12.95	-4.47	-0.76
404	0.77	74.11	-3.89	38.67	84.45	-11.14	-14.33	-4.93	-0.64
405	4.66	76.39	-4.64	49.12	86.94	-13.37	-15.60	-5.44	-0.48
406	8.46	78.38	-5.38	59.85	88.53	-15.61	-16.73	-6.05	-0.31
407	12.08	80.08	-6.08	70.69	89.22	-17.84	-17.64	-6.73	-0.10
408	15.43	81.42	-6.72	81.45	89.05	-20.03	-5.29	23.71	2.24
409	18.43	82.38	-7.29	91.96	88.07	-22.16	-6.22	28.60	2.64
410	21.01	82.88	-7.78	102.05	86.37	-24.21	-6.76	33.46	2.90
411	23.14	82.87	-8.16	111.57	84.06	-26.16	-6.80	38.15	3.03
412				120.43	81.27	-28.01	-6.25	42.61	2.99
413				128.54	78.14	-29.75	-4.98	46.75	2.82
414				135.89	74.81	-31.40	-2.98	50.53	2.49
415				142.51	71.40	-32.96	-0.21	53.91	2.04
416				148.45	68.01	-34.42	3.32	56.88	1.46
417				153.79	64.77	-35.81	7.62	59.44	0.77
418				158.61	61.70	-37.11	12.71	61.61	-0.04
419				162.98	58.90	-38.34	18.62	63.39	-0.95
420				166.98	56.37	-39.49	25.36	64.77	-1.97
421				170.70	54.16	-40.59	32.91	65.72	-3.07
422				174.18	52.27	-41.62	41.22	66.25	-4.27
423				177.50	50.72	-42.60	50.23	66.37	-5.55
424				180.76	49.47	-43.53	59.84	66.10	-6.93
425				183.97	48.55	-44.42	69.91	65.47	-8.39
426				187.19	47.91	-45.26	80.27	64.50	-9.95
427				190.44	47.55	-46.07	90.78	63.21	-11.60
428				193.72	47.41	-46.83	101.25	61.65	-13.32
429				197.01	47.46	-47.54	111.50	59.85	-15.11
430				200.20	47.64	-48.16	121.37	57.85	-16.94
431				203.21	47.88	-48.65	130.73	55.70	-18.80
432				205.86	48.10	-48.97	139.45	53.46	-20.67
433				207.96	48.21	-49.05	147.44	51.14	-22.51
434							154.66	48.83	-24.33
435							161.08	46.52	-26.10
436							166.71	44.26	-27.81
437							171.56	42.06	-29.43
438							175.69	39.94	-30.97
439							179.16	37.90	-32.42
440							182.03	35.94	-33.76
441							184.39	34.10	-35.01
442							186.32	32.34	-36.18
443							187.90	30.69	-37.27
444							189.23	29.14	-38.27
445							190.37	27.72	-39.25
446							191.41	26.39	-40.16
447							192.43	25.20	-41.08
448							193.48	24.11	-41.97
449							194.63	23.15	-42.88
450							195.91	22.30	-43.81
451							197.33	21.55	-44.76
452							198.87	20.89	-45.74
453							200.51	20.29	-46.73
454							202.17	19.72	-47.74
455							203.75	19.15	-48.74
456							205.12	18.50	-49.69
457									
458									