	D:\RTS 2.0\Data\Walker, Alex_AW\2026-04-02_\SLVR 1.c3d	D:\RTS 2.0\Data\Walker, Alex_AW\2026-04-02_\SLVR 1.c3d	D:\RTS 2.0\Data\Walker, Alex_AW\2026-04-02_\SLVR 1.c3d	D:\RTS 2.0\Data\Walker, Alex_AW\2026-04-02_\SLVR 2.c3d	D:\RTS 2.0\Data\Walker, Alex_AW\2026-04-02_\SLVR 2.c3d	D:\RTS 2.0\Data\Walker, Alex_AW\2026-04-02_\SLVR 2.c3d	D:\RTS 2.0\Data\Walker, Alex_AW\2026-04-02_\SLVR 3.c3d	D:\RTS 2.0\Data\Walker, Alex_AW\2026-04-02_\SLVR 3.c3d	D:\RTS 2.0\Data\Walker, Alex_AW\2026-04-02_\SLVR 3.c3d
	R_Knee_Moment	R_Knee_Moment	R_Knee_Moment	R_Knee_Moment	R_Knee_Moment	R_Knee_Moment	R_Knee_Moment	R_Knee_Moment	R_Knee_Moment
	LINK_MODEL_BASED	LINK_MODEL_BASED	LINK_MODEL_BASED	LINK_MODEL_BASED	LINK_MODEL_BASED	LINK_MODEL_BASED	LINK_MODEL_BASED	LINK_MODEL_BASED	LINK_MODEL_BASED
	ORIGINAL	ORIGINAL	ORIGINAL	ORIGINAL	ORIGINAL	ORIGINAL	ORIGINAL	ORIGINAL	ORIGINAL
ITEM	X	Y	Z	X	Y	Z	X	Y	Z
1									
2									
3	27.06	23.02	-4.86	29.60	13.22	-5.51	34.68	8.29	-15.07
4	27.38	22.99	-4.98	29.61	12.84	-5.52	34.98	8.52	-15.43
5	27.73	22.97	-5.11	29.61	12.45	-5.54	35.30	8.73	-15.77
6	28.09	22.94	-5.25	29.61	12.04	-5.58	35.63	8.96	-16.12
7	28.44	22.91	-5.39	29.61	11.63	-5.62	36.00	9.19	-16.48
8	28.77	22.87	-5.54	29.65	11.20	-5.67	36.39	9.44	-16.84
9	29.10	22.82	-5.69	29.72	10.78	-5.74	36.81	9.69	-17.20
10	29.40	22.75	-5.84	29.83	10.37	-5.83	37.28	9.97	-17.56
11	29.69	22.67	-6.00	30.01	9.93	-5.92	37.79	10.26	-17.93
12	29.94	22.56	-6.16	30.24	9.54	-6.04	38.37	10.57	-18.30
13	30.18	22.44	-6.32	30.55	9.13	-6.17	38.99	10.90	-18.68
14	30.39	22.31	-6.48	30.92	8.74	-6.33	39.69	11.23	-19.05
15	30.59	22.15	-6.65	31.38	8.37	-6.50	40.45	11.60	-19.42
16	30.78	21.97	-6.82	31.91	8.03	-6.69	41.29	11.96	-19.79
17	30.95	21.77	-6.99	32.51	7.69	-6.90	42.21	12.33	-20.16
18	31.13	21.56	-7.16	33.19	7.39	-7.14	43.21	12.72	-20.54
19	31.31	21.33	-7.34	33.94	7.13	-7.40	44.30	13.10	-20.90
20	31.50	21.09	-7.52	34.76	6.88	-7.67	45.46	13.49	-21.25
21	31.70	20.83	-7.69	35.64	6.69	-7.98	46.71	13.88	-21.61
22	31.94	20.56	-7.88	36.57	6.51	-8.29	48.03	14.25	-21.95
23	32.19	20.27	-8.07	37.56	6.38	-8.63	49.41	14.64	-22.29
24	32.47	19.98	-8.25	38.58	6.27	-8.98	50.86	15.00	-22.60
25	32.77	19.67	-8.45	39.64	6.21	-9.34	52.36	15.37	-22.91
26	33.08	19.35	-8.64	40.74	6.16	-9.72	53.92	15.72	-23.21
27	33.41	19.02	-8.83	41.86	6.17	-10.11	55.52	16.06	-23.48
28	33.73	18.68	-9.02	42.99	6.18	-10.49	57.14	16.37	-23.74
29	34.06	18.33	-9.21	44.14	6.23	-10.89	58.81	16.69	-23.99
30	34.37	17.97	-9.39	45.31	6.30	-11.29	60.48	16.97	-24.20
31	34.67	17.61	-9.57	46.48	6.41	-11.69	62.17	17.24	-24.40
32	34.94	17.23	-9.75	47.66	6.52	-12.08	63.87	17.47	-24.56
33	35.19	16.85	-9.92	48.85	6.66	-12.47	65.57	17.69	-24.71
34	35.41	16.46	-10.09	50.05	6.82	-12.85	67.26	17.86	-24.83
35	35.60	16.06	-10.25	51.26	7.00	-13.23	68.94	18.02	-24.92
36	35.76	15.67	-10.41	52.47	7.19	-13.59	70.60	18.14	-24.98
37	35.88	15.27	-10.56	53.70	7.40	-13.95	72.22	18.24	-25.03
38	36.00	14.87	-10.70	54.92	7.60	-14.28	73.82	18.29	-25.04
39	36.08	14.48	-10.84	56.16	7.84	-14.61	75.37	18.33	-25.03
40	36.16	14.10	-10.98	57.40	8.07	-14.92	76.87	18.32	-24.99
41	36.22	13.71	-11.11	58.64	8.32	-15.22	78.33	18.30	-24.94
42	36.28	13.35	-11.25	59.87	8.56	-15.49	79.72	18.23	-24.85
43	36.35	13.00	-11.38	61.09	8.82	-15.75	81.03	18.14	-24.75
44	36.42	12.66	-11.51	62.31	9.07	-15.98	82.28	18.03	-24.62
45	36.50	12.34	-11.64	63.51	9.32	-16.19	83.45	17.89	-24.49
46	36.60	12.03	-11.77	64.70	9.57	-16.39	84.54	17.72	-24.34
47	36.72	11.74	-11.90	65.87	9.81	-16.56	85.54	17.55	-24.18
48	36.86	11.47	-12.02	67.02	10.05	-16.70	86.45	17.35	-24.01
49	37.02	11.21	-12.15	68.15	10.27	-16.82	87.27	17.15	-23.84
50	37.22	10.96	-12.27	69.26	10.48	-16.92	87.99	16.95	-23.66
51	37.42	10.72	-12.39	70.33	10.68	-17.00	88.60	16.74	-23.48
52	37.67	10.50	-12.52	71.38	10.86	-17.05	89.09	16.53	-23.30
53	37.94	10.28	-12.63	72.39	11.03	-17.07	89.48	16.33	-23.11
54	38.25	10.07	-12.75	73.35	11.17	-17.08	89.74	16.14	-22.93
55	38.59	9.87	-12.86	74.28	11.29	-17.05	89.87	15.98	-22.76
56	38.97	9.67	-12.97	75.15	11.38	-16.99	89.88	15.82	-22.58
57	39.38	9.47	-13.08	75.95	11.46	-16.92	89.78	15.68	-22.40
58	39.82	9.28	-13.19	76.70	11.52	-16.82	89.54	15.56	-22.22
59	40.29	9.09	-13.31	77.38	11.55	-16.69	89.19	15.45	-22.03
60	40.80	8.90	-13.41	78.00	11.57	-16.54	88.74	15.36	-21.84
61	41.33	8.71	-13.53	78.54	11.57	-16.38	88.19	15.29	-21.65
62	41.90	8.52	-13.64	79.01	11.56	-16.19	87.57	15.25	-21.45
63	42.48	8.34	-13.75	79.41	11.54	-15.99	86.88	15.21	-21.25
64	43.11	8.14	-13.87	79.74	11.50	-15.76	86.14	15.21	-21.05
65	43.76	7.96	-13.98	79.99	11.45	-15.52	85.37	15.22	-20.85
66	44.43	7.77	-14.09	80.17	11.41	-15.28	84.59	15.25	-20.65
67	45.14	7.57	-14.21	80.26	11.35	-15.02	83.80	15.30	-20.45
68	45.85	7.38	-14.32	80.29	11.30	-14.76	83.03	15.36	-20.24
69	46.59	7.20	-14.43	80.22	11.26	-14.50	82.30	15.45	-20.04
70	47.36	7.01	-14.54	80.08	11.24	-14.25	81.59	15.55	-19.84
71	48.15	6.83	-14.66	79.84	11.23	-14.01	80.93	15.67	-19.63
72	48.94	6.65	-14.77	79.51	11.25	-13.78	80.31	15.81	-19.44
73	49.75	6.47	-14.88	79.08	11.30	-13.58	79.72	15.95	-19.23
74	50.58	6.31	-15.01	78.55	11.38	-13.40	79.16	16.12	-19.03
75	51.40	6.15	-15.12	77.92	11.50	-13.25	78.64	16.30	-18.84
76	52.24	6.00	-15.24	77.18	11.67	-13.13	78.14	16.48	-18.64
77	53.09	5.85	-15.37	76.35	11.89	-13.06	77.69	16.69	-18.44
78	53.93	5.72	-15.49	75.43	12.16	-13.03	77.29	16.89	-18.23
79	54.78	5.60	-15.61	74.43	12.49	-13.05	76.91	17.12	-18.03
80	55.62	5.49	-15.73	73.35	12.89	-13.11	76.56	17.34	-17.83
81	56.47	5.39	-15.84	72.22	13.33	-13.21	76.21	17.57	-17.63
82	57.32	5.31	-15.95	71.04	13.84	-13.37	75.88	17.80	-17.42
83	58.16	5.24	-16.05	69.84	14.40	-13.55	75.54	18.05	-17.23
84	59.01	5.18	-16.13	68.63	15.03	-13.78	75.19	18.28	-17.04
85	59.83	5.14	-16.21	67.43	15.71	-14.04	74.82	18.52	-16.85
86	60.66	5.10	-16.27	66.23	16.46	-14.36	74.45	18.75	-16.67
87	61.46	5.09	-16.32	65.04	17.28	-14.71	74.05	18.97	-16.49
88	62.25	5.08	-16.36	63.86	18.17	-15.10	73.63	19.18	-16.32
89	63.01	5.08	-16.38	62.69	19.13	-15.53	73.20	19.37	-16.15
90	63.76	5.09	-16.38	61.52	20.13	-15.98	72.75	19.54	-15.98
91	64.48	5.11	-16.38	60.35	21.21	-16.46	72.30	19.69	-15.82
92	65.19	5.13	-16.35	59.16	22.34	-16.97	71.83	19.83	-15.67
93	65.86	5.18	-16.33	57.97	23.52	-17.50	71.35	19.93	-15.52
94	66.50	5.22	-16.27	56.76	24.74	-18.02	70.88	20.03	-15.39
95	67.12	5.29	-16.23	55.54	26.02	-18.59	70.40	20.09	-15.25
96	67.69	5.35	-16.16	54.28	27.32	-19.14	69.92	20.15	-15.14
97	68.22	5.42	-16.08	52.99	28.66	-19.71	69.44	20.18	-15.02
98	68.72	5.51	-16.00	51.67	30.01	-20.26	68.96	20.21	-14.94
99	69.16	5.60	-15.89	50.30	31.39	-20.83	68.47	20.22	-14.84
100	69.55	5.71	-15.79	48.89	32.77	-21.37	67.97	20.22	-14.76
101	69.89	5.81	-15.66	47.44	34.15	-21.90	67.48	20.23	-14.71
102	70.17	5.94	-15.53	45.92	35.53	-22.43	66.96	20.23	-14.65
103	70.40	6.07	-15.38	44.35	36.87	-22.92	66.44	20.22	-14.61
104	70.57	6.20	-15.22	42.71	38.21	-23.41	65.90	20.24	-14.59
105	70.70	6.34	-15.04	41.02	39.51	-23.85	65.35	20.26	-14.58
106	70.76	6.50	-14.86	39.27	40.77	-24.28	64.76	20.29	-14.58
107	70.77	6.66	-14.66	37.45	41.97	-24.66	64.18	20.35	-14.60
108	70.74	6.84	-14.47	35.59	43.12	-25.01	63.55	20.42	-14.63
109	70.65	7.03	-14.26	33.68	44.20	-25.31	62.89	20.51	-14.68
110	70.52	7.26	-14.06	31.71	45.20	-25.58	62.20	20.62	-14.74
111	70.34	7.50	-13.86	29.73	46.11	-25.79	61.49	20.77	-14.83
112	70.12	7.76	-13.67	27.72	46.93	-25.97	60.73	20.92	-14.91
113	69.84	8.07	-13.50	25.70	47.67	-26.10	59.94	21.10	-15.01
114	69.53	8.40	-13.34	23.69	48.27	-26.17	59.11	21.31	-15.13
115	69.16	8.77	-13.21	21.69	48.78	-26.21	58.26	21.53	-15.26
116	68.75	9.17	-13.10	19.72	49.18	-26.20	57.37	21.77	-15.39
117	68.30	9.61	-13.02	17.79	49.46	-26.16	56.46	22.03	-15.55
118	67.78	10.09	-12.96	15.93	49.61	-26.06	55.53	22.29	-15.69
119	67.23	10.60	-12.95	14.13	49.66	-25.93	54.58	22.57	-15.86
120	66.63	11.15	-12.96	12.43	49.59	-25.78	53.62	22.87	-16.04
121	65.97	11.73	-13.01	10.84	49.40	-25.59	52.63	23.17	-16.21
122	65.28	12.35	-13.11	9.36	49.12	-25.39	51.65	23.48	-16.39
123	64.55	13.01	-13.24	8.01	48.72	-25.15	50.65	23.79	-16.58
124	63.79	13.69	-13.41	6.82	48.24	-24.91	49.66	24.10	-16.77
125	63.00	14.40	-13.62	5.77	47.68	-24.67	48.69	24.43	-16.98
126	62.20	15.13	-13.87	4.90	47.03	-24.42	47.70	24.74	-17.17
127	61.39	15.88	-14.14	4.20	46.33	-24.18	46.74	25.07	-17.40
128	60.55	16.62	-14.43	3.70	45.58	-23.96	45.78	25.38	-17.61
129	59.68	17.36	-14.73	3.38	44.78	-23.76	44.85	25.68	-17.83
130	58.75	18.07	-15.03	3.28	43.95	-23.56	43.91	25.98	-18.05
131	57.76	18.77	-15.33	3.39	43.12	-23.40	42.99	26.27	-18.27
132	56.70	19.46	-15.65	3.72	42.27	-23.26	42.09	26.55	-18.50
133	55.62	20.12	-15.97	4.29	41.43	-23.15	41.20	26.81	-18.73
134	54.51	20.77	-16.31	5.10	40.62	-23.08	40.31	27.04	-18.95
135	53.38	21.40	-16.66	6.14	39.84	-23.04	39.45	27.27	-19.18
136	52.24	22.02	-17.04	7.42	39.11	-23.04	38.59	27.48	-19.39
137	51.10	22.61	-17.42	8.95	38.46	-23.11	37.75	27.66	-19.61
138	49.97	23.18	-17.81	10.70	37.89	-23.21	36.91	27.83	-19.83
139	48.84	23.73	-18.21	12.70	37.39	-23.36	36.08	27.98	-20.06
140	47.74	24.27	-18.64	14.94	37.01	-23.58	35.27	28.11	-20.28
141	46.67	24.78	-19.05	17.39	36.74	-23.84	34.46	28.24	-20.51
142	45.61	25.27	-19.48	20.08	36.57	-24.15	33.67	28.35	-20.74
143	44.58	25.75	-19.91	22.98	36.53	-24.51	32.89	28.44	-20.97
144	43.56	26.20	-20.32	26.11	36.61	-24.92	32.12	28.54	-21.21
145	42.58	26.64	-20.73	29.45	36.81	-25.37	31.37	28.62	-21.45
146	41.60	27.05	-21.12	32.99	37.12	-25.85	30.61	28.70	-21.69
147	40.63	27.47	-21.51	36.72	37.56	-26.38	29.89	28.77	-21.92
148	39.69	27.86	-21.87	40.65	38.09	-26.92	29.16	28.85	-22.17
149	38.74	28.26	-22.22	44.76	38.73	-27.48	28.46	28.91	-22.40
150	37.84	28.65	-22.55	49.04	39.47	-28.06	27.77	28.99	-22.65
151	36.97	29.06	-22.89	53.46	40.29	-28.64	27.13	29.05	-22.88
152	36.12	29.46	-23.21	58.04	41.19	-29.24	26.49	29.14	-23.13
153	35.30	29.87	-23.51	62.73	42.14	-29.82	25.90	29.21	-23.37
154	34.49	30.28	-23.81	67.54	43.15	-30.41	25.35	29.30	-23.62
155	33.69	30.67	-24.08	72.44	44.18	-30.97	24.85	29.39	-23.85
156	32.90	31.06	-24.33	77.43	45.24	-31.52	24.41	29.52	-24.12
157	32.11	31.42	-24.55	82.47	46.31	-32.05	24.04	29.63	-24.37
158	31.33	31.77	-24.74	87.56	47.35	-32.53	23.73	29.78	-24.63
159	30.54	32.08	-24.90	92.69	48.37	-32.99	23.50	29.93	-24.89
160	29.77	32.37	-25.03	97.82	49.35	-33.41	23.36	30.12	-25.18
161	29.01	32.63	-25.13	102.94	50.26	-33.79	23.30	30.32	-25.46
162	28.27	32.84	-25.20	108.04	51.10	-34.11	23.34	30.55	-25.74
163	27.56	33.02	-25.23	113.07	51.85	-34.40	23.47	30.81	-26.05
164	26.88	33.16	-25.23	118.03	52.49	-34.63	23.71	31.11	-26.36
165	26.26	33.26	-25.21	122.89	53.01	-34.80	24.05	31.42	-26.66
166	25.69	33.31	-25.15	127.63	53.40	-34.92	24.49	31.77	-26.98
167	25.19	33.32	-25.07	132.21	53.66	-34.98	25.04	32.15	-27.30
168	24.78	33.29	-24.97	136.61	53.76	-34.97	25.71	32.55	-27.60
169	24.45	33.22	-24.85	140.79	53.71	-34.90	26.51	32.98	-27.90
170	24.22	33.12	-24.72	144.71	53.52	-34.77	27.42	33.44	-28.19
171	24.10	32.98	-24.57	148.36	53.15	-34.55	28.48	33.92	-28.47
172	24.09	32.81	-24.43	151.68	52.62	-34.25	29.65	34.42	-28.74
173	24.20	32.62	-24.28	154.63	51.93	-33.88	30.98	34.96	-28.99
174	24.44	32.41	-24.15	157.19	51.07	-33.40	32.43	35.52	-29.24
175	24.81	32.19	-24.02	159.29	50.06	-32.85	34.02	36.12	-29.48
176	25.30	31.96	-23.91	160.92	48.89	-32.18	35.75	36.75	-29.71
177	25.94	31.73	-23.83	162.02	47.57	-31.43	37.63	37.41	-29.93
178	26.71	31.50	-23.77	162.57	46.09	-30.56	39.63	38.09	-30.12
179	27.63	31.28	-23.74	162.51	44.49	-29.59	41.79	38.80	-30.31
180	28.69	31.09	-23.75	161.83	42.73	-28.50	44.08	39.54	-30.47
181	29.91	30.90	-23.79	160.51	40.86	-27.32	46.50	40.29	-30.63
182	31.27	30.74	-23.86	158.52	38.86	-26.02	49.07	41.06	-30.76
183	32.76	30.62	-23.97	155.84	36.75	-24.62	51.75	41.83	-30.86
184	34.40	30.52	-24.11	152.51	34.53	-23.12	54.57	42.62	-30.95
185	36.17	30.46	-24.28	148.49	32.20	-21.53	57.51	43.40	-31.00
186	38.06	30.44	-24.50	143.83	29.78	-19.88	60.56	44.17	-31.02
187	40.10	30.47	-24.74	138.56	27.28	-18.16	63.73	44.93	-31.00
188	42.23	30.55	-25.04	132.72	24.66	-16.38	67.00	45.65	-30.95
189	44.49	30.69	-25.36	126.36	22.00	-14.59	70.38	46.35	-30.87
190	46.85	30.89	-25.72	119.55	19.22	-12.78	73.82	47.00	-30.75
191	49.32	31.14	-26.12	112.39	16.39	-11.01	77.35	47.60	-30.59
192	51.89	31.45	-26.55	104.91	13.48	-9.25	80.95	48.16	-30.41
193	54.54	31.83	-27.01	97.25	10.52	-7.58	84.62	48.66	-30.21
194	57.29	32.25	-27.50	89.48	7.51	-5.99	88.34	49.08	-29.96
195	60.11	32.75	-28.02	81.67	4.49	-4.52	92.10	49.46	-29.70
196	63.02	33.29	-28.57	73.95	1.44	-3.18	95.89	49.73	-29.40
197	65.99	33.89	-29.14	66.38	-1.56	-2.00	99.72	49.95	-29.09
198	69.04	34.54	-29.73	59.02	-4.51	-0.99	103.56	50.06	-28.73
199	72.16	35.24	-30.35	51.96	-7.35	-0.18	107.41	50.11	-28.37
200	75.32	35.98	-30.97	45.26	-10.04	0.44	111.26	50.05	-27.97
201	78.56	36.76	-31.60	38.94	-12.54	0.88	115.08	49.91	-27.55
202	81.84	37.58	-32.24	33.06	-14.82	1.13	118.86	49.68	-27.12
203	85.17	38.44	-32.88	27.63	-16.81	1.21	122.58	49.35	-26.67
204	88.55	39.32	-33.51	22.69	-18.53	1.14	126.24	48.93	-26.20
205	91.96	40.22	-34.13	18.23	-19.90	0.95	129.81	48.41	-25.72
206	95.40	41.14	-34.73	14.26	-20.97	0.66	133.26	47.79	-25.21
207	98.88	42.07	-35.31	10.77	-21.64	0.31	136.57	47.08	-24.69
208	102.37	43.00	-35.86	0.03	-15.89	0.22	139.70	46.28	-24.17
209	105.87	43.93	-36.39	-0.60	-16.17	-0.14	142.64	45.37	-23.62
210	109.39	44.84	-36.87	-1.18	-16.11	-0.49	145.33	44.37	-23.06
211	112.90	45.72	-37.32	-1.67	-15.71	-0.80	147.77	43.27	-22.48
212	116.41	46.57	-37.73	-2.05	-14.95	-1.04	149.88	42.09	-21.89
213	119.90	47.38	-38.10	-2.31	-13.90	-1.21	151.64	40.81	-21.27
214	123.37	48.12	-38.41	-2.44	-12.56	-1.30	153.01	39.46	-20.66
215	126.81	48.80	-38.67	-2.43	-11.02	-1.32	153.93	38.02	-20.00
216	130.21	49.41	-38.88	-2.29	-9.32	-1.25	154.37	36.53	-19.33
217	133.58	49.93	-39.02	-2.01	-7.53	-1.13	154.28	34.97	-18.63
218	136.89	50.35	-39.10	-1.62	-5.66	-0.94	153.63	33.37	-17.90
219	140.16	50.66	-39.11	-1.16	-3.80	-0.72	152.38	31.75	-17.13
220	143.35	50.86	-39.06	-0.64	-1.97	-0.48	150.52	30.11	-16.32
221	146.46	50.94	-38.95	-0.13	-0.18	-0.23	148.00	28.48	-15.46
222	149.48	50.87	-38.76	0.37	1.49	0.02	144.83	26.86	-14.57
223	152.38	50.67	-38.51	0.81	3.06	0.25	140.98	25.26	-13.63
224	155.18	50.31	-38.20	1.18	4.46	0.46	136.47	23.69	-12.64
225	157.81	49.79	-37.82	1.46	5.70	0.63	131.31	22.15	-11.62
226	160.31	49.11	-37.38	1.64	6.77	0.77	125.55	20.64	-10.56
227	162.61	48.25	-36.86	1.71	7.66	0.87	119.22	19.17	-9.48
228	164.71	47.24	-36.30	1.67	8.36	0.94	112.38	17.71	-8.36
229	166.59	46.07	-35.67	1.50	8.93	0.98	105.10	16.24	-7.23
230	168.21	44.75	-34.99	1.21	9.34	1.00	97.46	14.79	-6.11
231	169.56	43.28	-34.24	0.79	9.64	1.00	89.56	13.29	-4.99
232	170.59	41.66	-33.43	0.23	9.82	0.98	81.51	11.78	-3.91
233	171.30	39.93	-32.56	-0.43	9.95	0.95	73.38	10.19	-2.86
234	171.64	38.09	-31.64	-1.20	9.99	0.90	65.31	8.55	-1.89
235	171.59	36.15	-30.65	-2.07	9.99	0.86	57.39	6.83	-1.00
236	171.13	34.13	-29.61	-3.01	9.97	0.81	49.73	5.04	-0.20
237	170.22	32.05	-28.50	-4.01	9.91	0.75	42.42	3.20	0.46
238	168.88	29.92	-27.34	-5.05	9.84	0.69	35.55	1.28	0.99
239	167.05	27.78	-26.12	-6.10	9.77	0.63	29.17	-0.66	1.38
240	164.74	25.61	-24.84	-7.14	9.68	0.56	23.37	-2.60	1.61
241	161.93	23.48	-23.53	-8.15	9.58	0.50	18.17	-4.51	1.69
242	158.62	21.35	-22.15	-9.11	9.47	0.43	13.63	-6.38	1.63
243	154.82	19.28	-20.76	-10.01	9.34	0.35	9.73	-8.14	1.43
244	150.55	17.25	-19.32	-10.83	9.19	0.28	6.50	-9.81	1.12
245	145.81	15.28	-17.86	-11.55	9.00	0.20	3.89	-11.31	0.73
246	140.63	13.38	-16.38	-12.17	8.79	0.12	0.38	-10.38	0.13
247	135.05	11.56	-14.89	-12.67	8.53	0.05	0.29	-11.47	-0.20
248	129.13	9.80	-13.40	-13.08	8.24	-0.03	0.30	-12.41	-0.56
249	122.87	8.12	-11.92	-13.35	7.91	-0.10	0.45	-13.13	-0.92
250	116.37	6.51	-10.46	-13.53	7.53	-0.17	0.75	-13.67	-1.25
251	109.66	4.95	-9.04	-13.58	7.12	-0.23	1.20	-14.00	-1.54
252	102.81	3.46	-7.67	-13.54	6.67	-0.28	1.81	-14.13	-1.76
253	95.89	2.00	-6.35	-13.39	6.18	-0.32	2.56	-14.12	-1.92
254	88.93	0.60	-5.11	-13.17	5.67	-0.36	3.43	-13.94	-2.01
255	82.03	-0.77	-3.95	-12.84	5.13	-0.38	4.39	-13.63	-2.03
256	75.23	-2.08	-2.90	-12.45	4.56	-0.40	5.42	-13.22	-1.98
257	68.58	-3.35	-1.95	-11.98	3.99	-0.41	6.46	-12.70	-1.88
258	62.13	-4.55	-1.13	-11.45	3.39	-0.41	7.48	-12.10	-1.72
259	55.95	-5.67	-0.43	-10.87	2.78	-0.41	8.45	-11.38	-1.53
260	50.04	-6.70	0.15	-10.22	2.18	-0.40	9.27	-10.59	-1.31
261	44.48	-7.62	0.60	-9.57	1.56	-0.39	9.95	-9.72	-1.08
262	39.24	-8.42	0.94	-8.86	0.97	-0.38	10.45	-8.77	-0.84
263	34.36	-9.07	1.16	-8.15	0.37	-0.37	10.73	-7.78	-0.61
264	29.82	-9.60	1.29	-7.42	-0.22	-0.36	10.78	-6.75	-0.40
265	25.62	-9.97	1.34	-6.70	-0.78	-0.35	10.61	-5.70	-0.21
266	2.05	-4.39	0.95	-5.98	-1.32	-0.35	10.19	-4.62	-0.04
267	1.62	-4.89	0.91	-5.29	-1.83	-0.35	9.55	-3.55	0.10
268	1.08	-5.31	0.83	-4.61	-2.30	-0.35	8.67	-2.46	0.21
269	0.42	-5.58	0.72	-3.98	-2.74	-0.36	7.57	-1.42	0.29
270	-0.33	-5.78	0.57	-3.37	-3.14	-0.37	6.29	-0.35	0.35
271	-1.18	-5.89	0.39	-2.80	-3.49	-0.38	4.82	0.65	0.39
272	-2.06	-5.98	0.19	-2.27	-3.81	-0.39	3.22	1.64	0.40
273	-2.97	-6.05	-0.03	-1.79	-4.08	-0.40	1.49	2.56	0.40
274	-3.85	-6.09	-0.27	-1.33	-4.31	-0.41	-0.33	3.44	0.38
275	-4.68	-6.16	-0.51	-0.91	-4.48	-0.42	-2.20	4.26	0.35
276	-5.46	-6.21	-0.75	-0.53	-4.63	-0.42	-4.10	4.99	0.30
277	-6.14	-6.28	-0.97	-0.17	-4.72	-0.42	-5.98	5.65	0.26
278	-6.78	-6.34	-1.19	0.16	-4.79	-0.42	-7.84	6.21	0.21
279	-7.35	-6.41	-1.38	0.47	-4.82	-0.42	-9.62	6.68	0.15
280	-7.87	-6.52	-1.55	0.77	-4.81	-0.41	-11.29	7.04	0.10
281	-8.31	-6.61	-1.69	1.06	-4.78	-0.40	-12.84	7.32	0.04
282	-8.69	-6.77	-1.80	1.34	-4.73	-0.38	-14.23	7.46	-0.02
283	-8.99	-6.94	-1.89	1.61	-4.66	-0.37	-15.44	7.52	-0.08
284	-9.21	-7.11	-1.94	1.88	-4.56	-0.35	-16.45	7.47	-0.14
285	-9.34	-7.30	-1.96	2.17	-4.46	-0.32	-17.27	7.32	-0.20
286	-9.40	-7.45	-1.95	2.44	-4.36	-0.30	-17.88	7.08	-0.26
287	-9.39	-7.57	-1.90	2.74	-4.23	-0.27	-18.27	6.77	-0.32
288	-9.30	-7.63	-1.83	3.03	-4.09	-0.25	-18.46	6.40	-0.39
289	-9.17	-7.62	-1.74	3.35	-3.94	-0.22	-18.47	5.97	-0.45
290	-8.98	-7.55	-1.63	3.67	-3.80	-0.19	-18.30	5.51	-0.51
291	-8.75	-7.38	-1.51	4.02	-3.63	-0.16	-17.96	5.04	-0.56
292	-8.50	-7.14	-1.38	4.38	-3.47	-0.13	-17.49	4.58	-0.60
293	-8.21	-6.81	-1.24	4.77	-3.29	-0.10	-16.89	4.13	-0.63
294	-7.93	-6.40	-1.10	5.16	-3.14	-0.08	-16.17	3.74	-0.65
295	-7.61	-5.93	-0.97	5.58	-2.97	-0.05	-15.39	3.36	-0.65
296	-7.31	-5.37	-0.83	6.01	-2.80	-0.03	-14.54	3.06	-0.63
297	-7.03	-4.80	-0.71	6.47	-2.65	-0.01	-13.64	2.82	-0.60
298	-6.74	-4.17	-0.59	6.94	-2.48	0.01	-12.72	2.66	-0.55
299	-6.49	-3.53	-0.49	7.42	-2.32	0.02	-11.79	2.55	-0.49
300	-6.24	-2.87	-0.39	7.91	-2.15	0.04	-10.88	2.50	-0.42
301	-6.02	-2.25	-0.31	8.40	-1.99	0.05	-9.97	2.49	-0.34
302	-5.81	-1.62	-0.24	8.87	-1.80	0.06	-9.11	2.55	-0.25
303	-5.62	-1.05	-0.18	9.33	-1.63	0.07	-8.27	2.63	-0.16
304	-5.46	-0.53	-0.13	9.75	-1.43	0.08	-7.50	2.72	-0.07
305	-5.29	-0.06	-0.10	10.15	-1.23	0.09	-6.76	2.83	0.01
306	-5.15	0.32	-0.07	10.50	-1.01	0.10	-6.08	2.95	0.10
307	-5.02	0.63	-0.06	10.80	-0.81	0.10	-5.46	3.03	0.17
308	-4.88	0.87	-0.05	11.04	-0.56	0.11	-4.90	3.11	0.24
309	-4.75	1.02	-0.05	11.22	-0.33	0.12	-4.38	3.15	0.29
310	-4.61	1.09	-0.06	11.32	-0.09	0.13	-3.91	3.18	0.34
311	-4.48	1.10	-0.06	11.35	0.16	0.13	-3.50	3.15	0.37
312	-4.34	1.04	-0.08	11.29	0.42	0.14	-3.13	3.10	0.38
313	-4.20	0.92	-0.09	11.16	0.68	0.15	-2.80	2.99	0.39
314	-4.05	0.77	-0.10	10.96	0.94	0.16	-2.51	2.85	0.39
315	-3.88	0.59	-0.11	10.68	1.21	0.17	-2.25	2.67	0.37
316	-3.72	0.37	-0.11	10.34	1.48	0.18	-2.02	2.47	0.34
317	-3.54	0.16	-0.11	9.93	1.74	0.19	-1.80	2.25	0.31
318	-3.36	-0.04	-0.11	9.45	2.00	0.20	-1.62	2.01	0.27
319	-3.17	-0.25	-0.10	8.92	2.26	0.20	-1.45	1.75	0.23
320	-2.96	-0.41	-0.08	8.33	2.52	0.21	-1.30	1.51	0.18
321	-2.75	-0.56	-0.06	7.68	2.76	0.21	-1.16	1.26	0.14
322	-2.52	-0.67	-0.03	6.98	2.99	0.21	-1.03	1.04	0.10
323	-2.28	-0.73	-0.00	6.20	3.19	0.21	-0.92	0.81	0.05
324	-2.02	-0.76	0.03	5.37	3.38	0.20	-0.81	0.63	0.01
325	-1.76	-0.73	0.06	4.47	3.54	0.18	-0.70	0.47	-0.02
326	-1.48	-0.68	0.09	3.50	3.67	0.16	-0.61	0.34	-0.05
327	-1.20	-0.56	0.11	2.45	3.76	0.13	-0.51	0.26	-0.07
328	-0.91	-0.43	0.14	1.34	3.80	0.10	-0.43	0.18	-0.09
329	-0.61	-0.26	0.16	0.14	3.79	0.05	-0.34	0.18	-0.10
330	-0.32	-0.06	0.17	-1.12	3.72	0.01	-0.23	0.19	-0.10
331	-0.02	0.17	0.18	-2.46	3.57	-0.04	-0.12	0.23	-0.10
332	0.28	0.40	0.19	-3.86	3.38	-0.10	0.02	0.33	-0.08
333	0.57	0.66	0.18	-5.33	3.09	-0.16	0.15	0.43	-0.06
334	0.86	0.92	0.18	-6.85	2.74	-0.21	0.32	0.57	-0.03
335	1.16	1.20	0.17	-8.41	2.33	-0.26	0.50	0.73	-0.00
336	1.44	1.48	0.16	-10.01	1.84	-0.31	0.71	0.90	0.03
337	1.73	1.74	0.15	-11.64	1.29	-0.36	0.96	1.10	0.07
338	2.01	2.02	0.14	-13.28	0.67	-0.39	1.23	1.29	0.11
339	2.30	2.30	0.13	-14.89	0.02	-0.41	1.53	1.48	0.16
340	2.58	2.55	0.11	-16.48	-0.71	-0.42	1.86	1.69	0.20
341	2.85	2.81	0.10	-18.03	-1.47	-0.42	2.20	1.87	0.24
342	3.12	3.06	0.10	-19.47	-2.27	-0.39	2.57	2.04	0.27
343	3.39	3.29	0.09	-20.79	-3.10	-0.34	2.95	2.20	0.30
344	3.64	3.49	0.09	-21.94	-3.96	-0.27	3.34	2.31	0.33
345	3.90	3.69	0.09	-22.87	-4.84	-0.18	3.74	2.42	0.35
346	4.14	3.86	0.10	-23.52	-5.71	-0.05	4.14	2.48	0.36
347	4.36	4.02	0.11	-23.82	-6.58	0.11	4.54	2.53	0.38
348	4.56	4.14	0.12	-16.66	-19.75	-3.83	4.93	2.53	0.38
349	4.74	4.28	0.14	-13.26	-20.49	-3.59	5.31	2.51	0.38
350	4.89	4.39	0.15	-9.12	-20.33	-3.23	5.67	2.47	0.38
351	5.03	4.48	0.18	-4.35	-19.15	-2.77	6.01	2.40	0.38
352	5.13	4.58	0.20	0.92	-16.97	-2.25	6.33	2.32	0.37
353	5.20	4.65	0.22	6.55	-13.79	-1.71	6.62	2.20	0.36
354	5.24	4.73	0.24	12.41	-9.72	-1.20	6.87	2.10	0.35
355	5.25	4.78	0.26	18.40	-4.91	-0.77	7.08	1.97	0.34
356	5.23	4.86	0.28	24.44	0.45	-0.46	7.24	1.85	0.33
357	5.17	4.91	0.29	30.50	6.20	-0.30	7.34	1.72	0.31
358	5.10	4.97	0.30	36.57	12.13	-0.29	7.39	1.61	0.30
359	4.98	5.02	0.30	42.67	18.06	-0.46	7.35	1.50	0.28
360	4.84	5.07	0.31	48.85	23.85	-0.80	7.26	1.39	0.26
361	4.68	5.12	0.30	55.13	29.36	-1.30	7.07	1.30	0.23
362	4.49	5.16	0.30	61.57	34.50	-1.98	6.79	1.20	0.21
363	4.28	5.20	0.29	68.18	39.16	-2.81	6.44	1.11	0.18
364	4.05	5.22	0.27	74.99	43.30	-3.79	5.98	1.02	0.15
365	3.79	5.21	0.26	82.00	46.89	-4.89	5.43	0.94	0.11
366	3.50	5.20	0.24	89.18	49.93	-6.09	4.79	0.85	0.08
367	3.17	5.16	0.22	96.49	52.42	-7.39	4.05	0.76	0.04
368	2.81	5.09	0.19	103.87	54.42	-8.74	3.24	0.65	-0.00
369	2.41	5.00	0.16	111.29	55.99	-10.15	2.32	0.53	-0.05
370	1.94	4.85	0.13	118.70	57.19	-11.57	1.32	0.40	-0.09
371	1.42	4.68	0.10	126.07	58.09	-13.01	0.23	0.24	-0.13
372	0.83	4.45	0.06	133.38	58.75	-14.43	-0.93	0.05	-0.18
373	0.17	4.17	0.02	140.62	59.23	-15.84	-2.17	-0.16	-0.22
374	-0.57	3.84	-0.03	147.81	59.58	-17.23	-3.49	-0.41	-0.26
375	-1.38	3.46	-0.07	154.95	59.85	-18.59	-4.88	-0.72	-0.30
376	-2.28	3.02	-0.12	162.02	60.04	-19.92	-6.32	-1.07	-0.33
377	-3.26	2.51	-0.17	169.04	60.19	-21.22	-7.84	-1.49	-0.36
378	-4.32	1.97	-0.23	175.95	60.29	-22.47	-9.39	-1.98	-0.39
379	-5.47	1.34	-0.28	182.70	60.35	-23.69	-10.95	-2.54	-0.41
380	-6.69	0.68	-0.33	189.17	60.34	-24.86	-12.53	-3.17	-0.41
381	-7.98	-0.07	-0.37	195.20	60.25	-25.96	-14.05	-3.89	-0.41
382	-9.32	-0.87	-0.42				-15.52	-4.68	-0.38
383	-10.71	-1.70	-0.45				-16.82	-5.54	-0.32
384	-12.12	-2.62	-0.47				-17.95	-6.46	-0.24
385	-13.53	-3.57	-0.47				-18.80	-7.43	-0.12
386	-14.90	-4.55	-0.46				-8.96	-14.80	-4.71
387	-16.21	-5.57	-0.42				-10.39	-15.40	-4.58
388	-17.40	-6.61	-0.36				-11.19	-15.12	-4.30
389	-18.42	-7.65	-0.27				-11.24	-13.85	-3.92
390	-19.21	-8.67	-0.14				-10.45	-11.54	-3.48
391	-30.13	5.00	0.66				-8.80	-8.21	-3.02
392	-31.35	5.96	0.74				-6.30	-3.98	-2.61
393	-31.72	7.09	0.83				-3.01	1.05	-2.31
394	-31.19	8.43	0.92				1.00	6.66	-2.17
395	-29.78	9.99	1.01				5.63	12.67	-2.23
396	-27.51	11.76	1.10				10.82	18.85	-2.48
397	-24.41	13.71	1.18				16.52	25.03	-2.94
398	-20.57	15.82	1.23				22.71	31.04	-3.60
399	-16.07	18.04	1.24				29.31	36.72	-4.44
400	-10.96	20.31	1.21				36.27	41.94	-5.44
401	-5.36	22.60	1.13				43.52	46.61	-6.58
402	0.68	24.84	1.00				51.04	50.65	-7.82
403	7.08	27.00	0.81				58.73	54.00	-9.15
404	13.79	29.02	0.57				66.56	56.66	-10.54
405	20.75	30.89	0.26				74.40	58.58	-11.93
406	27.91	32.57	-0.11				82.20	59.81	-13.30
407	35.21	34.05	-0.54				89.86	60.39	-14.63
408	42.64	35.32	-1.04				97.29	60.34	-15.86
409	50.15	36.32	-1.59				104.42	59.77	-16.99
410	57.75	37.09	-2.19				111.18	58.75	-17.99
411	65.38	37.60	-2.83				117.54	57.36	-18.87
412	73.03	37.88	-3.49				123.47	55.71	-19.63
413	80.66	37.91	-4.16				128.96	53.86	-20.29
414	88.25	37.76	-4.84				134.06	51.92	-20.88
415	95.79	37.45	-5.51				138.78	49.97	-21.42
416	103.25	37.02	-6.18				143.21	48.03	-21.93
417	110.64	36.52	-6.84				147.40	46.21	-22.44
418	117.93	35.98	-7.48				151.42	44.54	-22.98
419	125.12	35.39	-8.09				155.32	43.05	-23.56
420	132.17	34.80	-8.68				159.09	41.78	-24.22
421	139.07	34.21	-9.23				162.73	40.78	-25.00
422	145.77	33.64	-9.75				166.14	40.04	-25.93
423	152.18	33.10	-10.23						
424	158.23	32.59	-10.67						
425									
426									