	D:\RTS 2.0\Data\Walker, Alex_AW\2026-04-02_\SLVR 1.c3d	D:\RTS 2.0\Data\Walker, Alex_AW\2026-04-02_\SLVR 1.c3d	D:\RTS 2.0\Data\Walker, Alex_AW\2026-04-02_\SLVR 1.c3d	D:\RTS 2.0\Data\Walker, Alex_AW\2026-04-02_\SLVR 2.c3d	D:\RTS 2.0\Data\Walker, Alex_AW\2026-04-02_\SLVR 2.c3d	D:\RTS 2.0\Data\Walker, Alex_AW\2026-04-02_\SLVR 2.c3d	D:\RTS 2.0\Data\Walker, Alex_AW\2026-04-02_\SLVR 3.c3d	D:\RTS 2.0\Data\Walker, Alex_AW\2026-04-02_\SLVR 3.c3d	D:\RTS 2.0\Data\Walker, Alex_AW\2026-04-02_\SLVR 3.c3d
	FP3	FP3	FP3	FP3	FP3	FP3	FP3	FP3	FP3
	FORCE	FORCE	FORCE	FORCE	FORCE	FORCE	FORCE	FORCE	FORCE
	PROCESSED	PROCESSED	PROCESSED	PROCESSED	PROCESSED	PROCESSED	PROCESSED	PROCESSED	PROCESSED
ITEM	X	Y	Z	X	Y	Z	X	Y	Z
1	1.3	-4.7	624.4	-2.5	-56.7	361.3	9.3	-26.5	471.5
2	1.3	-4.8	624.2	-2.2	-56.6	361.8	9.1	-26.4	472.7
3	1.3	-5.0	624.0	-1.9	-56.5	362.4	8.8	-26.4	473.9
4	1.3	-5.1	623.8	-1.6	-56.3	363.0	8.6	-26.3	475.2
5	1.3	-5.2	623.5	-1.3	-56.2	363.7	8.3	-26.3	476.4
6	1.2	-5.3	623.2	-0.9	-56.0	364.3	8.0	-26.2	477.7
7	1.2	-5.5	623.0	-0.6	-55.8	365.0	7.8	-26.2	479.0
8	1.2	-5.6	622.6	-0.2	-55.6	365.7	7.5	-26.1	480.3
9	1.1	-5.7	622.3	0.1	-55.3	366.5	7.2	-26.1	481.6
10	1.1	-5.8	621.9	0.5	-55.1	367.3	6.9	-26.0	483.0
11	1.1	-5.9	621.5	0.9	-54.8	368.1	6.6	-26.0	484.3
12	1.1	-6.0	621.0	1.2	-54.5	368.9	6.2	-25.9	485.7
13	1.0	-6.1	620.6	1.6	-54.2	369.8	5.9	-25.9	487.2
14	1.0	-6.2	620.0	2.0	-53.9	370.7	5.6	-25.8	488.6
15	0.9	-6.3	619.5	2.4	-53.6	371.7	5.2	-25.7	490.1
16	0.9	-6.4	618.9	2.8	-53.3	372.7	4.9	-25.7	491.7
17	0.9	-6.5	618.3	3.2	-52.9	373.7	4.5	-25.6	493.2
18	0.8	-6.6	617.6	3.6	-52.5	374.8	4.2	-25.6	494.8
19	0.8	-6.7	616.9	4.0	-52.1	375.9	3.8	-25.5	496.5
20	0.7	-6.8	616.2	4.5	-51.7	377.0	3.4	-25.4	498.1
21	0.7	-6.9	615.4	4.9	-51.3	378.2	3.0	-25.4	499.8
22	0.6	-7.0	614.5	5.3	-50.9	379.4	2.6	-25.3	501.6
23	0.6	-7.1	613.6	5.7	-50.4	380.7	2.2	-25.2	503.4
24	0.5	-7.2	612.7	6.1	-50.0	382.0	1.8	-25.1	505.3
25	0.5	-7.3	611.7	6.6	-49.5	383.4	1.4	-25.0	507.1
26	0.4	-7.4	610.7	7.0	-49.1	384.8	1.0	-25.0	509.1
27	0.4	-7.5	609.6	7.4	-48.6	386.2	0.6	-24.9	511.1
28	0.3	-7.6	608.5	7.8	-48.1	387.7	0.2	-24.8	513.1
29	0.3	-7.7	607.4	8.3	-47.6	389.2	-0.2	-24.7	515.2
30	0.2	-7.8	606.1	8.7	-47.1	390.8	-0.7	-24.6	517.3
31	0.1	-7.9	604.9	9.1	-46.6	392.4	-1.1	-24.5	519.5
32	0.1	-8.0	603.6	9.5	-46.1	394.0	-1.6	-24.4	521.8
33	0.0	-8.1	602.2	9.9	-45.6	395.7	-2.0	-24.3	524.1
34	-0.0	-8.2	600.8	10.3	-45.1	397.5	-2.4	-24.1	526.5
35	-0.1	-8.3	599.3	10.7	-44.6	399.2	-2.9	-24.0	528.9
36	-0.2	-8.4	597.8	11.1	-44.1	401.1	-3.3	-23.9	531.4
37	-0.2	-8.5	596.3	11.5	-43.7	402.9	-3.8	-23.8	534.0
38	-0.3	-8.6	594.7	11.9	-43.2	404.8	-4.2	-23.6	536.6
39	-0.4	-8.7	593.0	12.3	-42.7	406.8	-4.7	-23.5	539.3
40	-0.4	-8.8	591.3	12.6	-42.2	408.8	-5.1	-23.4	542.0
41	-0.5	-9.0	589.6	13.0	-41.7	410.8	-5.6	-23.2	544.8
42	-0.6	-9.1	587.8	13.4	-41.3	412.9	-6.0	-23.1	547.7
43	-0.7	-9.2	586.0	13.7	-40.8	415.0	-6.4	-22.9	550.6
44	-0.7	-9.4	584.2	14.0	-40.4	417.1	-6.9	-22.8	553.7
45	-0.8	-9.5	582.3	14.4	-39.9	419.3	-7.3	-22.6	556.8
46	-0.9	-9.7	580.4	14.7	-39.5	421.6	-7.7	-22.4	559.9
47	-0.9	-9.9	578.4	15.0	-39.1	423.9	-8.2	-22.3	563.1
48	-1.0	-10.0	576.5	15.3	-38.7	426.2	-8.6	-22.1	566.4
49	-1.1	-10.2	574.5	15.6	-38.3	428.6	-9.0	-21.9	569.8
50	-1.1	-10.4	572.5	15.9	-37.9	431.0	-9.4	-21.8	573.2
51	-1.2	-10.6	570.4	16.2	-37.6	433.4	-9.8	-21.6	576.8
52	-1.2	-10.8	568.4	16.5	-37.2	435.9	-10.2	-21.4	580.3
53	-1.3	-11.0	566.3	16.7	-36.9	438.5	-10.6	-21.2	584.0
54	-1.3	-11.3	564.2	17.0	-36.5	441.1	-11.0	-21.0	587.7
55	-1.4	-11.5	562.1	17.2	-36.2	443.7	-11.3	-20.8	591.5
56	-1.4	-11.8	560.0	17.5	-35.9	446.4	-11.7	-20.6	595.4
57	-1.5	-12.0	557.9	17.7	-35.6	449.1	-12.0	-20.4	599.3
58	-1.5	-12.3	555.8	17.9	-35.3	451.9	-12.4	-20.2	603.3
59	-1.6	-12.6	553.7	18.1	-35.0	454.7	-12.7	-20.0	607.4
60	-1.6	-12.9	551.6	18.3	-34.8	457.6	-13.0	-19.8	611.5
61	-1.6	-13.2	549.5	18.5	-34.5	460.5	-13.3	-19.6	615.7
62	-1.6	-13.5	547.4	18.7	-34.2	463.4	-13.6	-19.4	620.0
63	-1.6	-13.9	545.4	18.8	-34.0	466.4	-13.9	-19.1	624.3
64	-1.7	-14.2	543.3	19.0	-33.7	469.5	-14.2	-18.9	628.7
65	-1.7	-14.6	541.3	19.1	-33.5	472.5	-14.5	-18.7	633.1
66	-1.7	-14.9	539.3	19.3	-33.3	475.7	-14.7	-18.5	637.6
67	-1.6	-15.3	537.3	19.4	-33.0	478.9	-14.9	-18.2	642.1
68	-1.6	-15.7	535.4	19.5	-32.8	482.1	-15.2	-18.0	646.7
69	-1.6	-16.1	533.5	19.6	-32.6	485.4	-15.4	-17.7	651.3
70	-1.6	-16.5	531.6	19.7	-32.3	488.7	-15.6	-17.5	655.9
71	-1.5	-16.9	529.7	19.8	-32.1	492.1	-15.8	-17.2	660.6
72	-1.5	-17.3	527.9	19.8	-31.9	495.5	-16.0	-17.0	665.3
73	-1.4	-17.7	526.2	19.9	-31.6	499.0	-16.1	-16.7	670.1
74	-1.4	-18.1	524.4	19.9	-31.4	502.5	-16.3	-16.5	674.9
75	-1.3	-18.5	522.8	20.0	-31.2	506.1	-16.5	-16.2	679.7
76	-1.2	-18.9	521.1	20.0	-30.9	509.7	-16.6	-15.9	684.5
77	-1.1	-19.3	519.5	20.0	-30.7	513.4	-16.7	-15.7	689.3
78	-1.0	-19.7	518.0	20.0	-30.4	517.1	-16.8	-15.4	694.2
79	-0.9	-20.1	516.4	20.0	-30.2	520.9	-16.9	-15.1	699.0
80	-0.8	-20.5	515.0	20.0	-29.9	524.7	-17.0	-14.9	703.9
81	-0.7	-20.9	513.6	19.9	-29.7	528.5	-17.1	-14.6	708.7
82	-0.6	-21.3	512.2	19.9	-29.4	532.5	-17.2	-14.3	713.6
83	-0.4	-21.7	510.9	19.9	-29.1	536.4	-17.3	-14.1	718.5
84	-0.3	-22.0	509.6	19.8	-28.8	540.4	-17.3	-13.8	723.3
85	-0.1	-22.4	508.4	19.8	-28.5	544.5	-17.4	-13.5	728.1
86	0.0	-22.8	507.2	19.7	-28.2	548.6	-17.4	-13.2	733.0
87	0.2	-23.1	506.0	19.6	-27.9	552.8	-17.4	-13.0	737.8
88	0.3	-23.4	504.9	19.5	-27.5	557.0	-17.4	-12.7	742.5
89	0.5	-23.7	503.9	19.4	-27.2	561.3	-17.4	-12.4	747.3
90	0.7	-24.0	502.9	19.4	-26.8	565.6	-17.4	-12.2	752.0
91	0.9	-24.3	501.9	19.3	-26.4	570.0	-17.4	-11.9	756.8
92	1.0	-24.6	500.9	19.2	-26.1	574.5	-17.4	-11.7	761.5
93	1.2	-24.8	500.0	19.0	-25.7	578.9	-17.3	-11.4	766.1
94	1.4	-25.0	499.2	18.9	-25.3	583.5	-17.3	-11.1	770.8
95	1.6	-25.2	498.3	18.8	-24.8	588.1	-17.2	-10.9	775.4
96	1.8	-25.4	497.5	18.7	-24.4	592.7	-17.1	-10.6	779.9
97	2.0	-25.6	496.8	18.6	-24.0	597.4	-17.0	-10.4	784.5
98	2.2	-25.8	496.0	18.5	-23.5	602.1	-16.9	-10.1	789.0
99	2.5	-25.9	495.3	18.4	-23.0	606.9	-16.8	-9.9	793.5
100	2.7	-26.1	494.6	18.2	-22.5	611.8	-16.6	-9.6	797.9
101	2.9	-26.2	493.9	18.1	-22.0	616.7	-16.5	-9.4	802.3
102	3.1	-26.3	493.3	18.0	-21.5	621.6	-16.3	-9.1	806.7
103	3.3	-26.4	492.6	17.9	-21.0	626.6	-16.1	-8.9	811.0
104	3.5	-26.4	492.0	17.8	-20.4	631.7	-15.9	-8.6	815.4
105	3.7	-26.5	491.4	17.7	-19.8	636.8	-15.7	-8.4	819.6
106	3.9	-26.5	490.8	17.6	-19.3	641.9	-15.5	-8.1	823.9
107	4.1	-26.6	490.2	17.4	-18.7	647.1	-15.2	-7.8	828.1
108	4.4	-26.6	489.7	17.3	-18.1	652.4	-15.0	-7.6	832.2
109	4.6	-26.6	489.1	17.2	-17.4	657.6	-14.7	-7.3	836.4
110	4.8	-26.6	488.6	17.1	-16.8	663.0	-14.4	-7.0	840.5
111	5.0	-26.6	488.0	17.0	-16.1	668.3	-14.1	-6.7	844.5
112	5.2	-26.6	487.5	16.9	-15.5	673.7	-13.8	-6.4	848.5
113	5.4	-26.6	486.9	16.8	-14.8	679.1	-13.4	-6.1	852.5
114	5.6	-26.5	486.4	16.7	-14.1	684.6	-13.1	-5.8	856.5
115	5.8	-26.5	485.9	16.7	-13.3	690.1	-12.7	-5.5	860.4
116	6.0	-26.5	485.4	16.6	-12.6	695.6	-12.3	-5.2	864.2
117	6.1	-26.4	484.8	16.5	-11.8	701.2	-11.9	-4.8	868.1
118	6.3	-26.4	484.3	16.4	-11.1	706.8	-11.5	-4.5	871.9
119	6.5	-26.4	483.8	16.3	-10.3	712.4	-11.0	-4.1	875.6
120	6.7	-26.4	483.3	16.3	-9.5	718.0	-10.6	-3.7	879.3
121	6.9	-26.3	482.8	16.2	-8.7	723.6	-10.1	-3.3	883.0
122	7.0	-26.3	482.3	16.1	-7.8	729.2	-9.6	-2.9	886.6
123	7.2	-26.3	481.8	16.1	-7.0	734.9	-9.1	-2.5	890.1
124	7.4	-26.3	481.3	16.0	-6.1	740.5	-8.6	-2.1	893.6
125	7.5	-26.3	480.9	16.0	-5.3	746.2	-8.1	-1.7	897.1
126	7.7	-26.3	480.4	15.9	-4.4	751.8	-7.5	-1.2	900.5
127	7.8	-26.3	479.9	15.8	-3.5	757.5	-7.0	-0.8	903.9
128	8.0	-26.3	479.5	15.8	-2.6	763.1	-6.4	-0.3	907.2
129	8.1	-26.3	479.0	15.8	-1.7	768.8	-5.9	0.2	910.5
130	8.3	-26.3	478.6	15.7	-0.7	774.4	-5.3	0.7	913.7
131	8.4	-26.3	478.2	15.7	0.2	780.0	-4.7	1.2	916.8
132	8.5	-26.4	477.8	15.6	1.2	785.6	-4.1	1.7	919.9
133	8.7	-26.4	477.4	15.6	2.1	791.1	-3.6	2.2	922.9
134	8.8	-26.5	477.1	15.6	3.1	796.6	-3.0	2.8	925.9
135	8.9	-26.5	476.8	15.5	4.1	802.2	-2.4	3.3	928.8
136	9.1	-26.6	476.5	15.5	5.1	807.6	-1.8	3.9	931.6
137	9.2	-26.7	476.2	15.5	6.0	813.1	-1.2	4.5	934.4
138	9.3	-26.7	476.0	15.5	7.0	818.5	-0.6	5.0	937.1
139	9.4	-26.8	475.7	15.4	8.0	823.9	-0.0	5.6	939.7
140	9.5	-26.9	475.6	15.4	9.0	829.3	0.5	6.2	942.3
141	9.7	-27.0	475.4	15.4	10.0	834.6	1.1	6.8	944.7
142	9.8	-27.1	475.3	15.4	11.0	839.9	1.7	7.4	947.2
143	9.9	-27.2	475.3	15.4	12.1	845.1	2.2	8.0	949.5
144	10.0	-27.3	475.2	15.4	13.1	850.3	2.8	8.6	951.7
145	10.1	-27.4	475.3	15.4	14.1	855.5	3.3	9.2	953.9
146	10.2	-27.6	475.3	15.4	15.1	860.6	3.8	9.9	956.0
147	10.3	-27.7	475.5	15.4	16.1	865.6	4.3	10.5	958.1
148	10.4	-27.8	475.6	15.4	17.1	870.7	4.8	11.1	960.0
149	10.5	-27.9	475.9	15.5	18.1	875.7	5.3	11.8	961.8
150	10.6	-28.0	476.1	15.5	19.1	880.6	5.8	12.4	963.6
151	10.7	-28.1	476.5	15.5	20.1	885.5	6.2	13.0	965.3
152	10.8	-28.3	476.9	15.6	21.1	890.3	6.7	13.7	966.9
153	10.9	-28.4	477.3	15.6	22.1	895.1	7.1	14.3	968.4
154	11.0	-28.5	477.9	15.7	23.1	899.9	7.5	15.0	969.8
155	11.1	-28.6	478.5	15.8	24.1	904.6	7.9	15.6	971.2
156	11.2	-28.7	479.1	15.8	25.1	909.3	8.2	16.3	972.4
157	11.3	-28.8	479.8	15.9	26.1	913.9	8.6	17.0	973.6
158	11.4	-28.9	480.6	16.0	27.1	918.4	8.9	17.6	974.7
159	11.5	-28.9	481.5	16.1	28.1	923.0	9.2	18.3	975.7
160	11.6	-29.0	482.4	16.2	29.1	927.4	9.5	19.0	976.5
161	11.7	-29.1	483.4	16.3	30.1	931.8	9.8	19.7	977.4
162	11.8	-29.1	484.5	16.5	31.1	936.2	10.1	20.3	978.1
163	11.9	-29.2	485.7	16.6	32.1	940.5	10.3	21.0	978.7
164	12.0	-29.2	486.9	16.8	33.1	944.8	10.5	21.7	979.2
165	12.1	-29.2	488.2	16.9	34.1	949.0	10.7	22.4	979.7
166	12.2	-29.3	489.6	17.1	35.1	953.2	10.9	23.1	980.1
167	12.3	-29.3	491.1	17.2	36.1	957.3	11.1	23.8	980.4
168	12.4	-29.3	492.6	17.4	37.2	961.4	11.2	24.5	980.6
169	12.5	-29.3	494.2	17.6	38.2	965.4	11.3	25.2	980.7
170	12.6	-29.2	495.9	17.8	39.2	969.4	11.4	26.0	980.8
171	12.7	-29.2	497.7	18.0	40.3	973.3	11.5	26.7	980.7
172	12.7	-29.1	499.6	18.2	41.3	977.2	11.6	27.4	980.6
173	12.8	-29.1	501.5	18.4	42.4	981.1	11.7	28.1	980.4
174	12.9	-29.0	503.5	18.7	43.4	984.8	11.7	28.9	980.2
175	13.0	-28.9	505.6	18.9	44.5	988.6	11.7	29.6	979.9
176	13.1	-28.8	507.8	19.1	45.6	992.3	11.8	30.4	979.5
177	13.2	-28.7	510.1	19.4	46.7	995.9	11.8	31.1	979.1
178	13.3	-28.6	512.4	19.6	47.8	999.5	11.7	31.9	978.6
179	13.4	-28.4	514.8	19.9	48.9	1003.1	11.7	32.6	978.0
180	13.5	-28.3	517.3	20.1	50.0	1006.6	11.7	33.4	977.4
181	13.6	-28.1	519.8	20.4	51.2	1010.1	11.6	34.2	976.7
182	13.7	-27.9	522.4	20.7	52.3	1013.5	11.6	34.9	976.0
183	13.8	-27.7	525.1	21.0	53.5	1016.9	11.5	35.7	975.3
184	13.9	-27.5	527.9	21.2	54.7	1020.3	11.4	36.5	974.5
185	14.0	-27.3	530.7	21.5	55.9	1023.6	11.3	37.3	973.7
186	14.1	-27.0	533.6	21.8	57.1	1026.9	11.2	38.0	972.8
187	14.2	-26.8	536.5	22.1	58.3	1030.1	11.1	38.8	971.9
188	14.3	-26.5	539.6	22.4	59.6	1033.4	11.0	39.6	971.0
189	14.4	-26.2	542.6	22.7	60.8	1036.5	10.9	40.4	970.0
190	14.5	-25.9	545.8	22.9	62.1	1039.7	10.7	41.1	969.1
191	14.6	-25.6	549.0	23.2	63.4	1042.8	10.6	41.9	968.1
192	14.7	-25.3	552.3	23.5	64.7	1045.9	10.4	42.7	967.1
193	14.8	-25.0	555.6	23.8	66.0	1048.9	10.3	43.4	966.1
194	14.9	-24.6	559.0	24.1	67.3	1051.9	10.1	44.2	965.1
195	15.0	-24.3	562.4	24.4	68.7	1054.9	10.0	44.9	964.1
196	15.1	-23.9	565.9	24.7	70.0	1057.9	9.8	45.7	963.1
197	15.2	-23.5	569.4	25.0	71.4	1060.8	9.7	46.4	962.1
198	15.3	-23.1	573.0	25.2	72.8	1063.7	9.5	47.1	961.1
199	15.4	-22.7	576.6	25.5	74.2	1066.5	9.4	47.9	960.1
200	15.5	-22.3	580.3	25.8	75.6	1069.4	9.2	48.6	959.1
201	15.6	-21.9	584.0	26.1	77.0	1072.2	9.1	49.3	958.2
202	15.7	-21.4	587.8	26.3	78.4	1074.9	8.9	50.0	957.3
203	15.8	-21.0	591.6	26.6	79.8	1077.7	8.7	50.7	956.4
204	15.9	-20.5	595.4	26.8	81.3	1080.3	8.6	51.3	955.6
205	16.0	-20.0	599.3	27.1	82.7	1083.0	8.4	52.0	954.8
206	16.1	-19.6	603.2	27.3	84.2	1085.6	8.3	52.7	954.0
207	16.2	-19.1	607.1	27.5	85.7	1088.2	8.2	53.3	953.3
208	16.2	-18.6	611.1	27.8	87.2	1090.7	8.0	53.9	952.6
209	16.3	-18.1	615.1	28.0	88.7	1093.2	7.9	54.6	951.9
210	16.4	-17.6	619.2	28.2	90.1	1095.6	7.8	55.2	951.4
211	16.5	-17.1	623.2	28.3	91.6	1098.0	7.7	55.8	950.8
212	16.6	-16.5	627.3	28.5	93.1	1100.4	7.6	56.4	950.3
213	16.7	-16.0	631.4	28.7	94.7	1102.7	7.5	57.0	949.9
214	16.8	-15.5	635.5	28.8	96.2	1104.9	7.4	57.6	949.5
215	16.9	-15.0	639.7	28.9	97.7	1107.1	7.3	58.2	949.2
216	16.9	-14.4	643.8	29.1	99.2	1109.2	7.2	58.7	948.9
217	17.0	-13.9	648.0	29.2	100.7	1111.3	7.1	59.3	948.7
218	17.1	-13.3	652.2	29.2	102.2	1113.3	7.0	59.8	948.5
219	17.2	-12.8	656.4	29.3	103.7	1115.3	7.0	60.4	948.4
220	17.2	-12.3	660.6	29.3	105.2	1117.2	6.9	60.9	948.4
221	17.3	-11.7	664.8	29.3	106.7	1119.0	6.9	61.5	948.4
222	17.3	-11.2	669.1	29.3	108.3	1120.8	6.8	62.0	948.4
223	17.4	-10.7	673.3	29.3	109.8	1122.5	6.8	62.5	948.6
224	17.5	-10.1	677.5	29.3	111.2	1124.1	6.8	63.1	948.7
225	17.5	-9.6	681.7	29.2	112.7	1125.7	6.7	63.6	949.0
226	17.6	-9.1	686.0	29.1	114.2	1127.2	6.7	64.1	949.2
227	17.6	-8.6	690.2	29.0	115.7	1128.7	6.7	64.6	949.6
228	17.6	-8.0	694.4	28.8	117.1	1130.1	6.7	65.2	949.9
229	17.7	-7.5	698.6	28.6	118.6	1131.4	6.7	65.7	950.3
230	17.7	-7.0	702.8	28.4	120.0	1132.7	6.7	66.2	950.8
231	17.8	-6.5	707.0	28.2	121.4	1133.9	6.7	66.7	951.3
232	17.8	-6.0	711.2	27.9	122.8	1135.0	6.7	67.2	951.8
233	17.8	-5.5	715.4	27.7	124.2	1136.1	6.8	67.7	952.4
234	17.8	-5.0	719.5	27.4	125.6	1137.1	6.8	68.2	953.0
235	17.9	-4.5	723.7	27.0	127.0	1138.1	6.8	68.7	953.7
236	17.9	-4.1	727.8	26.7	128.3	1139.1	6.8	69.2	954.3
237	17.9	-3.6	731.9	26.3	129.7	1140.0	6.9	69.7	955.0
238	17.9	-3.1	736.0	25.9	131.0	1140.8	6.9	70.2	955.7
239	18.0	-2.6	740.1	25.4	132.3	1141.6	7.0	70.7	956.5
240	18.0	-2.2	744.1	24.9	133.5	1142.4	7.0	71.2	957.2
241	18.0	-1.7	748.1	24.4	134.8	1143.1	7.1	71.7	958.0
242	18.0	-1.3	752.1	23.9	136.1	1143.8	7.1	72.1	958.8
243	18.1	-0.8	756.1	23.4	137.3	1144.4	7.2	72.6	959.5
244	18.1	-0.4	760.1	22.8	138.5	1145.1	7.2	73.1	960.3
245	18.1	0.1	764.0	22.2	139.7	1145.7	7.3	73.6	961.1
246	18.1	0.5	767.9	21.6	140.8	1146.2	7.3	74.1	961.9
247	18.2	1.0	771.8	20.9	142.0	1146.8	7.4	74.5	962.7
248	18.2	1.4	775.6	20.3	143.1	1147.3	7.5	75.0	963.5
249	18.2	1.9	779.5	19.6	144.3	1147.9	7.6	75.5	964.3
250	18.3	2.3	783.2	18.8	145.4	1148.4	7.6	75.9	965.1
251	18.3	2.7	787.0	18.1	146.4	1148.9	7.7	76.4	965.9
252	18.3	3.2	790.7	17.3	147.5	1149.4	7.8	76.8	966.7
253	18.4	3.6	794.4	16.6	148.6	1149.9	7.9	77.3	967.5
254	18.4	4.0	798.1	15.8	149.6	1150.4	7.9	77.7	968.2
255	18.4	4.5	801.8	14.9	150.6	1150.9	8.0	78.2	969.0
256	18.5	4.9	805.4	14.1	151.6	1151.4	8.1	78.6	969.7
257	18.5	5.3	808.9	13.2	152.6	1151.9	8.2	79.1	970.5
258	18.6	5.7	812.5	12.4	153.6	1152.4	8.3	79.5	971.2
259	18.6	6.2	816.0	11.5	154.5	1152.9	8.4	79.9	971.9
260	18.6	6.6	819.4	10.6	155.5	1153.4	8.4	80.4	972.6
261	18.7	7.0	822.9	9.6	156.4	1153.9	8.5	80.8	973.2
262	18.7	7.4	826.3	8.7	157.3	1154.4	8.6	81.2	973.9
263	18.8	7.8	829.7	7.7	158.2	1154.9	8.7	81.7	974.6
264	18.8	8.3	833.0	6.8	159.1	1155.5	8.8	82.1	975.2
265	18.9	8.7	836.3	5.8	160.0	1156.0	8.9	82.5	975.8
266	18.9	9.1	839.5	4.8	160.8	1156.6	9.0	82.9	976.4
267	19.0	9.5	842.7	3.8	161.7	1157.1	9.1	83.3	977.0
268	19.0	9.9	845.9	2.7	162.5	1157.7	9.2	83.7	977.6
269	19.1	10.3	849.1	1.7	163.3	1158.3	9.3	84.2	978.1
270	19.1	10.6	852.2	0.7	164.1	1158.8	9.4	84.6	978.7
271	19.2	11.0	855.2	-0.4	164.8	1159.4	9.5	85.0	979.3
272	19.2	11.4	858.2	-1.5	165.6	1160.0	9.6	85.4	979.8
273	19.3	11.8	861.2	-2.6	166.3	1160.6	9.7	85.8	980.3
274	19.3	12.1	864.1	-3.6	167.1	1161.2	9.8	86.2	980.8
275	19.3	12.5	867.0	-4.7	167.8	1161.8	9.9	86.6	981.4
276	19.4	12.9	869.9	-5.8	168.5	1162.3	10.0	87.0	981.9
277	19.4	13.2	872.7	-7.0	169.1	1162.9	10.1	87.4	982.4
278	19.5	13.6	875.5	-8.1	169.8	1163.5	10.2	87.8	982.9
279	19.5	13.9	878.2	-9.2	170.4	1164.0	10.3	88.2	983.4
280	19.5	14.2	880.9	-10.3	171.1	1164.6	10.4	88.6	983.9
281	19.6	14.6	883.5	-11.5	171.7	1165.1	10.5	89.0	984.3
282	19.6	14.9	886.1	-12.6	172.2	1165.7	10.6	89.4	984.8
283	19.6	15.2	888.7	-13.8	172.8	1166.2	10.7	89.8	985.3
284	19.7	15.5	891.2	-14.9	173.3	1166.7	10.8	90.2	985.8
285	19.7	15.8	893.7	-16.1	173.9	1167.2	10.9	90.6	986.3
286	19.7	16.1	896.1	-17.2	174.4	1167.6	11.0	91.0	986.7
287	19.7	16.4	898.5	-18.4	174.9	1168.0	11.1	91.4	987.2
288	19.8	16.7	900.9	-19.5	175.3	1168.5	11.1	91.8	987.7
289	19.8	17.0	903.2	-20.7	175.8	1168.8	11.2	92.1	988.2
290	19.8	17.3	905.5	-21.8	176.2	1169.2	11.3	92.5	988.6
291	19.8	17.6	907.7	-23.0	176.6	1169.5	11.4	92.9	989.1
292	19.8	17.9	909.9	-24.1	177.0	1169.8	11.5	93.3	989.6
293	19.8	18.2	912.1	-25.3	177.3	1170.1	11.5	93.7	990.0
294	19.9	18.4	914.2	-26.4	177.7	1170.3	11.6	94.1	990.5
295	19.9	18.7	916.3	-27.6	178.0	1170.5	11.6	94.5	990.9
296	19.9	19.0	918.3	-28.7	178.3	1170.6	11.7	94.9	991.4
297	19.9	19.3	920.3	-29.8	178.6	1170.7	11.7	95.2	991.9
298	19.9	19.6	922.3	-31.0	178.8	1170.8	11.8	95.6	992.3
299	19.9	19.8	924.2	-32.1	179.1	1170.8	11.8	96.0	992.8
300	19.9	20.1	926.2	-33.2	179.3	1170.8	11.9	96.4	993.2
301	19.9	20.4	928.0	-34.3	179.5	1170.8	11.9	96.8	993.7
302	19.9	20.7	929.9	-35.4	179.7	1170.7	11.9	97.2	994.1
303	20.0	21.0	931.7	-36.5	179.9	1170.6	11.9	97.6	994.6
304	20.0	21.3	933.5	-37.6	180.0	1170.4	11.9	98.0	995.0
305	20.0	21.6	935.3	-38.6	180.2	1170.2	11.9	98.4	995.5
306	20.0	21.9	937.0	-39.7	180.3	1169.9	11.9	98.8	995.9
307	20.0	22.3	938.7	-40.8	180.4	1169.6	11.9	99.2	996.4
308	20.0	22.6	940.4	-41.8	180.5	1169.2	11.9	99.6	996.8
309	20.0	22.9	942.1	-42.8	180.5	1168.8	11.8	100.1	997.3
310	20.0	23.3	943.7	-43.9	180.6	1168.4	11.8	100.5	997.7
311	20.0	23.6	945.3	-44.9	180.7	1167.9	11.8	100.9	998.2
312	20.1	24.0	946.9	-45.9	180.7	1167.4	11.7	101.3	998.6
313	20.1	24.3	948.5	-46.9	180.7	1166.8	11.7	101.8	999.1
314	20.1	24.7	950.1	-47.9	180.7	1166.2	11.6	102.2	999.6
315	20.1	25.1	951.6	-48.8	180.7	1165.5	11.5	102.6	1000.0
316	20.1	25.5	953.2	-49.8	180.7	1164.8	11.4	103.1	1000.5
317	20.1	25.9	954.7	-50.7	180.7	1164.0	11.4	103.5	1001.0
318	20.1	26.3	956.2	-51.6	180.7	1163.2	11.3	104.0	1001.5
319	20.1	26.7	957.7	-52.5	180.6	1162.4	11.2	104.4	1001.9
320	20.1	27.2	959.1	-53.4	180.6	1161.5	11.1	104.9	1002.4
321	20.1	27.6	960.6	-54.3	180.5	1160.5	10.9	105.4	1002.9
322	20.1	28.0	962.0	-55.2	180.4	1159.6	10.8	105.8	1003.3
323	20.1	28.5	963.5	-56.0	180.4	1158.5	10.7	106.3	1003.8
324	20.1	29.0	964.9	-56.8	180.3	1157.5	10.6	106.7	1004.3
325	20.1	29.5	966.3	-57.6	180.2	1156.4	10.4	107.2	1004.7
326	20.1	30.0	967.7	-58.4	180.0	1155.3	10.3	107.7	1005.2
327	20.1	30.5	969.1	-59.1	179.9	1154.1	10.1	108.2	1005.6
328	20.1	31.0	970.5	-59.9	179.8	1152.9	10.0	108.6	1006.1
329	20.1	31.5	971.9	-60.6	179.6	1151.6	9.8	109.1	1006.5
330	20.1	32.0	973.3	-61.3	179.5	1150.3	9.6	109.6	1006.9
331	20.0	32.6	974.6	-62.0	179.3	1149.0	9.4	110.1	1007.4
332	20.0	33.1	976.0	-62.6	179.1	1147.6	9.2	110.5	1007.8
333	20.0	33.7	977.3	-63.2	178.9	1146.2	9.0	111.0	1008.2
334	19.9	34.3	978.7	-63.8	178.7	1144.8	8.8	111.5	1008.6
335	19.9	34.9	980.0	-64.4	178.5	1143.3	8.6	111.9	1008.9
336	19.8	35.5	981.3	-65.0	178.2	1141.8	8.4	112.4	1009.3
337	19.7	36.1	982.6	-65.5	178.0	1140.3	8.2	112.8	1009.6
338	19.7	36.7	983.9	-66.0	177.7	1138.8	8.0	113.3	1010.0
339	19.6	37.4	985.2	-66.5	177.4	1137.2	7.7	113.7	1010.3
340	19.5	38.0	986.5	-66.9	177.2	1135.6	7.5	114.1	1010.6
341	19.4	38.7	987.8	-67.4	176.9	1134.0	7.3	114.6	1010.9
342	19.3	39.3	989.0	-67.8	176.5	1132.3	7.0	115.0	1011.2
343	19.1	40.0	990.3	-68.1	176.2	1130.6	6.7	115.4	1011.5
344	19.0	40.7	991.5	-68.5	175.9	1129.0	6.5	115.8	1011.7
345	18.8	41.4	992.7	-68.8	175.5	1127.3	6.2	116.2	1012.0
346	18.7	42.1	994.0	-69.1	175.1	1125.6	5.9	116.6	1012.2
347	18.5	42.9	995.2	-69.4	174.7	1123.8	5.7	116.9	1012.4
348	18.3	43.6	996.3	-69.6	174.3	1122.1	5.4	117.3	1012.6
349	18.1	44.4	997.5	-69.8	173.9	1120.4	5.1	117.6	1012.8
350	17.9	45.1	998.7	-70.0	173.4	1118.6	4.8	118.0	1012.9
351	17.7	45.9	999.8	-70.2	172.9	1116.9	4.5	118.3	1013.1
352	17.5	46.7	1000.9	-70.3	172.4	1115.1	4.2	118.6	1013.2
353	17.3	47.5	1002.0	-70.4	171.9	1113.4	3.9	118.9	1013.3
354	17.0	48.3	1003.1	-70.5	171.4	1111.6	3.6	119.2	1013.4
355	16.8	49.1	1004.2	-70.6	170.8	1109.9	3.2	119.5	1013.5
356	16.5	50.0	1005.3	-70.6	170.3	1108.2	2.9	119.7	1013.6
357	16.2	50.8	1006.3	-70.6	169.7	1106.4	2.6	120.0	1013.6
358	15.9	51.7	1007.3	-70.6	169.0	1104.7	2.3	120.2	1013.7
359	15.6	52.5	1008.3	-70.5	168.4	1103.1	1.9	120.4	1013.7
360	15.3	53.4	1009.3	-70.5	167.7	1101.4	1.6	120.6	1013.7
361	14.9	54.3	1010.3	-70.4	167.0	1099.8	1.3	120.8	1013.8
362	14.6	55.2	1011.2	-70.2	166.3	1098.1	0.9	121.0	1013.8
363	14.2	56.1	1012.2	-70.1	165.6	1096.6	0.6	121.1	1013.7
364	13.8	57.0	1013.1	-69.9	164.8	1095.0	0.3	121.2	1013.7
365	13.5	58.0	1014.0	-69.7	164.0	1093.5	-0.1	121.4	1013.7
366	13.1	58.9	1014.9	-69.5	163.2	1092.0	-0.4	121.5	1013.7
367	12.7	59.8	1015.8	-69.3	162.3	1090.5	-0.8	121.6	1013.6
368	12.3	60.8	1016.6	-69.0	161.4	1089.1	-1.1	121.6	1013.6
369	11.8	61.7	1017.5	-68.7	160.5	1087.8	-1.4	121.7	1013.5
370	11.4	62.7	1018.3	-68.4	159.6	1086.5	-1.8	121.7	1013.5
371	11.0	63.7	1019.1	-68.1	158.6	1085.2	-2.1	121.7	1013.4
372	10.5	64.7	1019.9	-67.7	157.6	1084.0	-2.5	121.7	1013.3
373	10.0	65.7	1020.7	-67.3	156.5	1082.8	-2.8	121.7	1013.3
374	9.6	66.6	1021.5	-66.9	155.5	1081.7	-3.2	121.7	1013.2
375	9.1	67.6	1022.2	-66.5	154.4	1080.7	-3.5	121.6	1013.1
376	8.6	68.6	1023.0	-66.1	153.3	1079.7	-3.9	121.6	1013.1
377	8.1	69.7	1023.8	-65.6	152.1	1078.8	-4.2	121.5	1013.0
378	7.6	70.7	1024.5	-65.1	150.9	1078.0	-4.6	121.4	1012.9
379	7.1	71.7	1025.2	-64.6	149.7	1077.2	-4.9	121.3	1012.9
380	6.6	72.7	1026.0	-64.1	148.4	1076.5	-5.3	121.2	1012.8
381	6.1	73.7	1026.7	-63.6	147.2	1075.9	-5.6	121.0	1012.8
382	5.6	74.7	1027.4	-63.0	145.8	1075.4	-5.9	120.9	1012.7
383	5.0	75.8	1028.1	-62.5	144.5	1074.9	-6.3	120.7	1012.7
384	4.5	76.8	1028.8	-61.9	143.1	1074.6	-6.6	120.5	1012.6
385	4.0	77.8	1029.5	-61.3	141.7	1074.3	-7.0	120.3	1012.6
386	3.4	78.8	1030.2	-60.7	140.3	1074.1	-7.3	120.1	1012.6
387	2.9	79.8	1030.8	-60.1	138.8	1074.1	-7.6	119.9	1012.5
388	2.3	80.8	1031.5	-59.5	137.3	1074.1	-8.0	119.6	1012.5
389	1.8	81.9	1032.2	-58.8	135.8	1074.2	-8.3	119.3	1012.5
390	1.2	82.9	1032.9	-58.2	134.2	1074.4	-8.7	119.1	1012.4
391	0.6	83.9	1033.5	-57.5	132.6	1074.7	-9.0	118.8	1012.4
392	0.1	84.9	1034.2	-56.9	131.0	1075.1	-9.3	118.5	1012.4
393	-0.5	85.9	1034.9	-56.2	129.3	1075.7	-9.7	118.1	1012.4
394	-1.1	86.8	1035.5	-55.5	127.7	1076.3	-10.0	117.8	1012.3
395	-1.6	87.8	1036.2	-54.9	126.0	1077.1	-10.4	117.5	1012.3
396	-2.2	88.8	1036.9	-54.2	124.2	1077.9	-10.7	117.1	1012.3
397	-2.8	89.8	1037.5	-53.5	122.4	1078.9	-11.1	116.7	1012.2
398	-3.4	90.7	1038.2	-52.8	120.6	1080.0	-11.4	116.3	1012.2
399	-4.0	91.7	1038.8	-52.2	118.8	1081.2	-11.7	115.9	1012.2
400	-4.5	92.6	1039.5	-51.5	116.9	1082.5	-12.1	115.5	1012.1
401	-5.1	93.6	1040.1	-50.8	115.0	1083.9	-12.4	115.0	1012.1
402	-5.7	94.5	1040.8	-50.2	113.1	1085.5	-12.8	114.6	1012.0
403	-6.3	95.4	1041.4	-49.5	111.1	1087.2	-13.1	114.1	1012.0
404	-6.9	96.3	1042.0	-48.8	109.1	1088.9	-13.5	113.6	1011.9
405	-7.5	97.2	1042.7	-48.2	107.1	1090.8	-13.8	113.1	1011.8
406	-8.1	98.1	1043.3	-47.6	105.1	1092.9	-14.2	112.6	1011.8
407	-8.7	99.0	1044.0	-46.9	103.0	1095.0	-14.5	112.1	1011.7
408	-9.3	99.9	1044.7	-46.3	100.9	1097.3	-14.9	111.6	1011.6
409	-9.9	100.8	1045.3	-45.7	98.7	1099.7	-15.2	111.0	1011.5
410	-10.5	101.6	1046.0	-45.1	96.5	1102.1	-15.6	110.5	1011.4
411	-11.1	102.5	1046.6	-44.5	94.3	1104.8	-16.0	109.9	1011.3
412	-11.7	103.3	1047.3	-43.9	92.0	1107.5	-16.3	109.3	1011.1
413	-12.4	104.1	1048.0	-43.3	89.8	1110.3	-16.7	108.7	1011.0
414	-13.0	104.9	1048.7	-42.7	87.4	1113.3	-17.0	108.1	1010.9
415	-13.6	105.8	1049.4	-42.2	85.1	1116.4	-17.4	107.5	1010.7
416	-14.2	106.6	1050.1	-41.7	82.7	1119.5	-17.8	106.8	1010.6
417	-14.8	107.3	1050.8	-41.1	80.3	1122.8	-18.1	106.2	1010.4
418	-15.5	108.1	1051.6	-40.6	77.8	1126.2	-18.5	105.5	1010.2
419	-16.1	108.9	1052.3	-40.1	75.3	1129.7	-18.9	104.9	1010.1
420	-16.7	109.7	1053.1	-39.7	72.8	1133.4	-19.3	104.2	1009.9
421	-17.3	110.4	1053.8	-39.2	70.3	1137.1	-19.6	103.6	1009.7
422	-18.0	111.1	1054.6	-38.7	67.7	1140.9	-20.0	102.9	1009.5
423	-18.6	111.9	1055.4	-38.3	65.1	1144.9	-20.4	102.2	1009.3
424	-19.2	112.6	1056.2	-37.9	62.4	1148.9	-20.8	101.5	1009.1
425	-19.9	113.3	1057.1	-37.5	59.7	1153.0	-21.1	100.8	1008.9
426	-20.5	114.0	1057.9	-37.1	57.0	1157.3	-21.5	100.1	1008.7
427	-21.2	114.7	1058.8	-36.7	54.3	1161.6	-21.9	99.4	1008.5
428	-21.8	115.4	1059.7	-36.4	51.5	1166.1	-22.3	98.7	1008.3
429	-22.4	116.1	1060.6	-36.0	48.7	1170.6	-22.7	98.0	1008.0
430	-23.1	116.8	1061.5	-35.7	45.8	1175.2	-23.0	97.3	1007.8
431	-23.7	117.4	1062.5	-35.4	43.0	1180.0	-23.4	96.6	1007.6
432	-24.4	118.1	1063.4	-35.1	40.0	1184.8	-23.8	95.9	1007.4
433	-25.0	118.7	1064.4	-34.8	37.1	1189.7	-24.2	95.2	1007.1
434	-25.7	119.3	1065.4	-34.5	34.2	1194.7	-24.6	94.4	1006.9
435	-26.3	120.0	1066.4	-34.3	31.2	1199.8	-25.0	93.7	1006.7
436	-27.0	120.6	1067.4	-34.0	28.1	1205.0	-25.4	93.0	1006.4
437	-27.6	121.2	1068.5	-33.8	25.1	1210.2	-25.7	92.3	1006.2
438	-28.3	121.8	1069.6	-33.6	22.0	1215.6	-26.1	91.6	1005.9
439	-28.9	122.4	1070.7	-33.3	18.9	1221.0	-26.5	90.9	1005.7
440	-29.5	123.0	1071.8	-33.1	15.8	1226.5	-26.9	90.2	1005.4
441	-30.2	123.5	1072.9	-33.0	12.6	1232.1	-27.3	89.5	1005.2
442	-30.8	124.1	1074.0	-32.8	9.5	1237.8	-27.7	88.8	1005.0
443	-31.4	124.6	1075.1	-32.6	6.3	1243.5	-28.0	88.1	1004.7
444	-32.0	125.2	1076.3	-32.4	3.1	1249.4	-28.4	87.5	1004.5
445	-32.7	125.7	1077.5	-32.3	-0.2	1255.3	-28.8	86.8	1004.2
446	-33.3	126.2	1078.6	-32.1	-3.4	1261.2	-29.2	86.1	1004.0
447	-33.9	126.7	1079.8	-32.0	-6.7	1267.3	-29.6	85.4	1003.7
448	-34.4	127.2	1081.0	-31.8	-10.0	1273.4	-29.9	84.8	1003.5
449	-35.0	127.7	1082.2	-31.7	-13.3	1279.6	-30.3	84.1	1003.3
450	-35.6	128.1	1083.4	-31.6	-16.6	1285.8	-30.7	83.4	1003.0
451	-36.2	128.6	1084.6	-31.4	-20.0	1292.1	-31.1	82.8	1002.8
452	-36.7	129.0	1085.8	-31.3	-23.3	1298.5	-31.5	82.1	1002.6
453	-37.3	129.5	1087.0	-31.2	-26.7	1304.9	-31.8	81.5	1002.3
454	-37.8	129.9	1088.2	-31.1	-30.1	1311.4	-32.2	80.8	1002.1
455	-38.3	130.3	1089.4	-30.9	-33.4	1318.0	-32.6	80.2	1001.9
456	-38.9	130.7	1090.5	-30.8	-36.8	1324.6	-33.0	79.5	1001.7
457	-39.4	131.1	1091.7	-30.7	-40.2	1331.2	-33.3	78.9	1001.5
458	-39.9	131.4	1092.9	-30.5	-43.6	1337.9	-33.7	78.3	1001.3
459	-40.3	131.8	1094.0	-30.4	-47.0	1344.6	-34.1	77.6	1001.1
460	-40.8	132.1	1095.1	-30.3	-50.5	1351.4	-34.5	77.0	1000.9
461	-41.3	132.5	1096.2	-30.1	-53.9	1358.2	-34.8	76.3	1000.7
462	-41.7	132.8	1097.3	-29.9	-57.3	1365.0	-35.2	75.7	1000.5
463	-42.2	133.1	1098.4	-29.8	-60.7	1371.9	-35.6	75.0	1000.4
464	-42.6	133.4	1099.4	-29.6	-64.1	1378.7	-36.0	74.4	1000.2
465	-43.0	133.6	1100.5	-29.4	-67.5	1385.7	-36.3	73.7	1000.1
466	-43.5	133.9	1101.5	-29.2	-70.9	1392.6	-36.7	73.1	999.9
467	-43.9	134.2	1102.4	-29.0	-74.4	1399.5	-37.1	72.4	999.8
468	-44.2	134.4	1103.4	-28.8	-77.8	1406.5	-37.5	71.8	999.7
469	-44.6	134.6	1104.3	-28.5	-81.1	1413.5	-37.8	71.1	999.6
470	-45.0	134.8	1105.2	-28.3	-84.5	1420.4	-38.2	70.4	999.5
471	-45.4	135.0	1106.1	-28.0	-87.9	1427.4	-38.6	69.7	999.5
472	-45.7	135.2	1106.9	-27.7	-91.3	1434.4	-38.9	69.0	999.4
473	-46.0	135.4	1107.7	-27.4	-94.6	1441.3	-39.3	68.3	999.4
474	-46.4	135.5	1108.5	-27.1	-98.0	1448.2	-39.7	67.6	999.4
475	-46.7	135.7	1109.3	-26.7	-101.3	1455.2	-40.0	66.9	999.4
476	-47.0	135.8	1110.0	-26.3	-104.6	1462.1	-40.4	66.2	999.4
477	-47.2	135.9	1110.7	-26.0	-107.9	1468.9	-40.8	65.4	999.5
478	-47.5	136.0	1111.4	-25.5	-111.2	1475.8	-41.1	64.7	999.6
479	-47.8	136.1	1112.0	-25.1	-114.5	1482.5	-41.5	63.9	999.7
480	-48.0	136.2	1112.6	-24.6	-117.7	1489.3	-41.8	63.2	999.9
481	-48.2	136.2	1113.2	-24.2	-121.0	1496.0	-42.2	62.4	1000.0
482	-48.4	136.3	1113.8	-23.7	-124.2	1502.6	-42.6	61.6	1000.2
483	-48.6	136.3	1114.3	-23.1	-127.4	1509.2	-42.9	60.8	1000.5
484	-48.8	136.3	1114.9	-22.6	-130.6	1515.7	-43.3	60.0	1000.7
485	-49.0	136.3	1115.4	-22.0	-133.7	1522.2	-43.6	59.1	1001.1
486	-49.1	136.3	1115.8	-21.4	-136.8	1528.5	-43.9	58.3	1001.4
487	-49.3	136.3	1116.3	-20.7	-139.9	1534.8	-44.3	57.4	1001.8
488	-49.4	136.2	1116.7	-20.1	-143.0	1541.0	-44.6	56.6	1002.2
489	-49.5	136.1	1117.1	-19.4	-146.1	1547.1	-45.0	55.7	1002.7
490	-49.6	136.1	1117.5	-18.7	-149.1	1553.1	-45.3	54.8	1003.2
491	-49.6	136.0	1117.9	-17.9	-152.1	1559.0	-45.6	53.8	1003.8
492	-49.7	135.8	1118.3	-17.1	-155.1	1564.8	-45.9	52.9	1004.4
493	-49.7	135.7	1118.6	-16.3	-158.0	1570.4	-46.3	52.0	1005.1
494	-49.7	135.6	1118.9	-15.5	-160.9	1576.0	-46.6	51.0	1005.8
495	-49.7	135.4	1119.3	-14.6	-163.8	1581.4	-46.9	50.0	1006.6
496	-49.7	135.2	1119.6	-13.7	-166.7	1586.6	-47.2	49.0	1007.4
497	-49.7	135.0	1119.9	-12.8	-169.5	1591.7	-47.5	48.0	1008.3
498	-49.6	134.8	1120.2	-11.9	-172.2	1596.7	-47.8	47.0	1009.3
499	-49.5	134.5	1120.5	-10.9	-175.0	1601.5	-48.1	45.9	1010.3
500	-49.4	134.2	1120.8	-9.9	-177.7	1606.2	-48.3	44.9	1011.4
501	-49.3	134.0	1121.1	-8.9	-180.4	1610.6	-48.6	43.8	1012.5
502	-49.2	133.6	1121.4	-7.8	-183.0	1614.9	-48.9	42.7	1013.7
503	-49.1	133.3	1121.6	-6.8	-185.6	1619.1	-49.1	41.6	1015.0
504	-48.9	133.0	1121.9	-5.7	-188.2	1623.0	-49.4	40.5	1016.3
505	-48.7	132.6	1122.2	-4.6	-190.7	1626.7	-49.6	39.3	1017.7
506	-48.5	132.2	1122.5	-3.4	-193.1	1630.3	-49.9	38.2	1019.2
507	-48.3	131.8	1122.8	-2.3	-195.6	1633.6	-50.1	37.0	1020.8
508	-48.1	131.4	1123.1	-1.1	-198.0	1636.7	-50.3	35.8	1022.4
509	-47.9	130.9	1123.4	0.1	-200.3	1639.6	-50.5	34.5	1024.1
510	-47.6	130.5	1123.7	1.3	-202.6	1642.3	-50.7	33.3	1025.9
511	-47.3	130.0	1124.1	2.6	-204.8	1644.7	-50.9	32.0	1027.7
512	-47.1	129.4	1124.4	3.8	-207.0	1646.9	-51.1	30.8	1029.7
513	-46.8	128.9	1124.8	5.1	-209.2	1648.8	-51.3	29.5	1031.7
514	-46.4	128.3	1125.1	6.4	-211.3	1650.5	-51.4	28.1	1033.8
515	-46.1	127.8	1125.5	7.7	-213.3	1652.0	-51.6	26.8	1036.0
516	-45.8	127.1	1125.9	9.0	-215.3	1653.1	-51.7	25.4	1038.3
517	-45.5	126.5	1126.3	10.3	-217.3	1654.0	-51.9	24.1	1040.6
518	-45.1	125.9	1126.7	11.6	-219.2	1654.7	-52.0	22.7	1043.1
519	-44.7	125.2	1127.2	13.0	-221.0	1655.0	-52.1	21.2	1045.6
520	-44.4	124.5	1127.6	14.3	-222.8	1655.1	-52.2	19.8	1048.2
521	-44.0	123.8	1128.1	15.6	-224.5	1654.8	-52.3	18.3	1050.9
522	-43.6	123.0	1128.6	17.0	-226.1	1654.3	-52.3	16.8	1053.7
523	-43.2	122.3	1129.1	18.3	-227.7	1653.4	-52.4	15.3	1056.6
524	-42.8	121.5	1129.6	19.6	-229.2	1652.3	-52.4	13.8	1059.5
525	-42.4	120.7	1130.2	21.0	-230.7	1650.8	-52.5	12.2	1062.6
526	-42.0	119.9	1130.8	22.3	-232.1	1649.0	-52.5	10.6	1065.7
527	-41.6	119.0	1131.4	23.6	-233.4	1646.8	-52.5	9.0	1069.0
528	-41.2	118.1	1132.0	25.0	-234.7	1644.3	-52.5	7.4	1072.3
529	-40.7	117.2	1132.6	26.3	-235.9	1641.5	-52.5	5.7	1075.7
530	-40.3	116.3	1133.3	27.6	-237.0	1638.3	-52.5	4.1	1079.2
531	-39.9	115.4	1134.0	28.8	-238.1	1634.8	-52.4	2.4	1082.8
532	-39.5	114.4	1134.7	30.1	-239.0	1630.9	-52.4	0.6	1086.5
533	-39.1	113.4	1135.5	31.4	-239.9	1626.6	-52.3	-1.1	1090.2
534	-38.6	112.4	1136.3	32.6	-240.7	1622.0	-52.2	-2.9	1094.1
535	-38.2	111.4	1137.1	33.8	-241.5	1617.0	-52.1	-4.7	1098.0
536	-37.8	110.3	1137.9	35.0	-242.1	1611.6	-52.0	-6.5	1102.1
537	-37.4	109.3	1138.8	36.2	-242.7	1605.9	-51.8	-8.4	1106.2
538	-36.9	108.2	1139.6	37.4	-243.2	1599.7	-51.7	-10.2	1110.4
539	-36.5	107.0	1140.6	38.5	-243.6	1593.2	-51.5	-12.1	1114.7
540	-36.1	105.9	1141.5	39.6	-244.0	1586.2	-51.3	-14.0	1119.1
541	-35.7	104.7	1142.5	40.7	-244.2	1578.8	-51.2	-16.0	1123.5
542	-35.3	103.5	1143.5	41.7	-244.4	1571.1	-50.9	-17.9	1128.1
543	-34.9	102.3	1144.5	42.7	-244.4	1562.9	-50.7	-19.9	1132.7
544	-34.5	101.1	1145.6	43.7	-244.4	1554.3	-50.5	-21.9	1137.4
545	-34.1	99.8	1146.7	44.7	-244.3	1545.3	-50.2	-23.9	1142.2
546	-33.7	98.5	1147.8	45.6	-244.1	1535.9	-49.9	-26.0	1147.1
547	-33.4	97.2	1148.9	46.5	-243.8	1526.0	-49.7	-28.1	1152.0
548	-33.0	95.9	1150.1	47.3	-243.4	1515.8	-49.3	-30.2	1157.0
549	-32.6	94.6	1151.3	48.1	-242.9	1505.1	-49.0	-32.3	1162.1
550	-32.2	93.2	1152.5	48.9	-242.3	1494.0	-48.7	-34.4	1167.3
551	-31.9	91.8	1153.8	49.7	-241.6	1482.4	-48.3	-36.5	1172.5
552	-31.5	90.4	1155.1	50.4	-240.9	1470.4	-47.9	-38.7	1177.8
553	-31.2	89.0	1156.4	51.0	-240.0	1458.0	-47.6	-40.9	1183.2
554	-30.8	87.5	1157.7	51.6	-239.0	1445.2	-47.1	-43.1	1188.7
555	-30.5	86.0	1159.1	52.2	-237.9	1431.9	-46.7	-45.3	1194.2
556	-30.2	84.5	1160.5	52.8	-236.8	1418.2	-46.3	-47.6	1199.8
557	-29.9	83.0	1161.9	53.3	-235.5	1404.1	-45.8	-49.8	1205.5
558	-29.5	81.5	1163.3	53.8	-234.1	1389.6	-45.3	-52.1	1211.2
559	-29.2	79.9	1164.7	54.2	-232.7	1374.7	-44.8	-54.4	1217.0
560	-28.9	78.4	1166.2	54.6	-231.1	1359.3	-44.3	-56.6	1222.8
561	-28.6	76.8	1167.7	54.9	-229.5	1343.5	-43.8	-59.0	1228.8
562	-28.3	75.1	1169.2	55.2	-227.7	1327.3	-43.2	-61.3	1234.7
563	-28.1	73.5	1170.7	55.5	-225.8	1310.8	-42.7	-63.6	1240.8
564	-27.8	71.8	1172.3	55.7	-223.9	1293.8	-42.1	-65.9	1246.9
565	-27.5	70.2	1173.9	55.9	-221.8	1276.4	-41.5	-68.3	1253.0
566	-27.2	68.5	1175.5	56.0	-219.7	1258.7	-40.8	-70.6	1259.3
567	-27.0	66.7	1177.1	56.1	-217.4	1240.6	-40.2	-73.0	1265.5
568	-26.7	65.0	1178.7	56.2	-215.1	1222.1	-39.5	-75.4	1271.8
569	-26.5	63.2	1180.3	56.2	-212.7	1203.3	-38.8	-77.8	1278.2
570	-26.2	61.5	1182.0	56.2	-210.2	1184.1	-38.1	-80.2	1284.6
571	-26.0	59.7	1183.6	56.2	-207.6	1164.6	-37.4	-82.6	1291.1
572	-25.7	57.9	1185.3	56.1	-204.9	1144.8	-36.7	-85.0	1297.6
573	-25.5	56.0	1187.0	56.0	-202.1	1124.7	-35.9	-87.4	1304.1
574	-25.3	54.2	1188.7	55.8	-199.2	1104.2	-35.1	-89.8	1310.7
575	-25.0	52.3	1190.4	55.6	-196.3	1083.6	-34.3	-92.2	1317.3
576	-24.8	50.4	1192.2	55.4	-193.3	1062.6	-33.5	-94.6	1324.0
577	-24.6	48.5	1193.9	55.1	-190.2	1041.4	-32.7	-97.0	1330.6
578	-24.4	46.6	1195.7	54.8	-187.0	1019.9	-31.8	-99.5	1337.3
579	-24.2	44.6	1197.4	54.4	-183.7	998.3	-31.0	-101.9	1344.1
580	-24.0	42.7	1199.2	54.1	-180.4	976.4	-30.1	-104.3	1350.8
581	-23.8	40.7	1201.0	53.7	-177.0	954.4	-29.2	-106.7	1357.5
582	-23.6	38.7	1202.8	53.2	-173.6	932.2	-28.2	-109.2	1364.3
583	-23.4	36.7	1204.6	52.8	-170.0	909.9	-27.3	-111.6	1371.1
584	-23.2	34.7	1206.4	52.3	-166.5	887.4	-26.3	-114.0	1377.9
585	-23.0	32.7	1208.2	51.7	-162.8	864.9	-25.4	-116.5	1384.7
586	-22.9	30.6	1210.1	51.2	-159.2	842.2	-24.4	-118.9	1391.4
587	-22.7	28.6	1211.9	50.6	-155.5	819.5	-23.3	-121.3	1398.2
588	-22.5	26.5	1213.8	50.0	-151.7	796.8	-22.3	-123.8	1405.0
589	-22.3	24.4	1215.7	49.4	-147.9	774.1	-21.3	-126.2	1411.7
590	-22.2	22.3	1217.6	48.7	-144.1	751.3	-20.2	-128.6	1418.4
591	-22.0	20.2	1219.5	48.0	-140.2	728.6	-19.1	-131.0	1425.1
592	-21.9	18.1	1221.4	47.3	-136.3	706.0	-18.0	-133.5	1431.8
593	-21.7	16.0	1223.3	46.6	-132.4	683.4	-16.9	-135.9	1438.4
594	-21.6	13.9	1225.2	45.8	-128.5	661.0	-15.8	-138.3	1445.0
595	-21.4	11.7	1227.2	45.0	-124.6	638.6	-14.6	-140.7	1451.5
596	-21.3	9.6	1229.2	44.2	-120.7	616.4	-13.5	-143.2	1458.0
597	-21.2	7.4	1231.2	43.4	-116.7	594.4	-12.3	-145.6	1464.4
598	-21.0	5.2	1233.2	42.6	-112.8	572.5	-11.1	-148.0	1470.8
599	-20.9	3.1	1235.2	41.7	-108.9	550.9	-9.9	-150.4	1477.1
600	-20.8	0.9	1237.2	40.9	-105.0	529.5	-8.7	-152.9	1483.3
601	-20.7	-1.3	1239.3	40.0	-101.2	508.3	-7.4	-155.3	1489.4
602	-20.5	-3.5	1241.4	39.1	-97.3	487.5	-6.2	-157.7	1495.5
603	-20.4	-5.6	1243.5	38.2	-93.5	466.9	-4.9	-160.1	1501.4
604	-20.3	-7.8	1245.6	37.2	-89.7	446.6	-3.7	-162.5	1507.3
605	-20.2	-10.0	1247.7	36.3	-86.0	426.7	-2.4	-164.9	1513.1
606	-20.1	-12.2	1249.9	35.3	-82.3	407.1	-1.1	-167.3	1518.7
607	-20.0	-14.4	1252.1	34.4	-78.7	387.9	0.2	-169.7	1524.3
608	-19.9	-16.6	1254.3	33.4	-75.1	369.0	1.5	-172.1	1529.7
609	-19.8	-18.8	1256.6	32.4	-71.6	350.6	2.8	-174.5	1535.0
610	-19.7	-21.0	1258.8	31.4	-68.2	332.5	4.1	-176.9	1540.2
611	-19.6	-23.1	1261.1	30.4	-64.8	314.9	5.4	-179.2	1545.2
612	-19.5	-25.3	1263.5	29.4	-61.5	297.7	6.8	-181.6	1550.1
613	-19.4	-27.5	1265.9	28.4	-58.2	281.0	8.1	-184.0	1554.8
614	-19.3	-29.7	1268.3	27.4	-55.1	264.8	9.5	-186.3	1559.4
615	-19.2	-31.8	1270.7	26.4	-52.0	249.0	10.8	-188.7	1563.8
616	-19.1	-34.0	1273.2	25.4	-49.0	233.6	12.2	-191.0	1568.0
617	-19.0	-36.1	1275.7	24.4	-46.1	218.8	13.5	-193.3	1572.1
618	-18.9	-38.2	1278.2	23.4	-43.3	204.4	14.9	-195.6	1576.0
619	-18.9	-40.4	1280.8	22.5	-40.6	190.5	16.2	-197.9	1579.7
620	-18.8	-42.5	1283.4	21.5	-37.9	177.1	17.6	-200.2	1583.2
621	-18.7	-44.6	1286.1	20.5	-35.4	164.2	19.0	-202.5	1586.5
622	-18.6	-46.7	1288.8	19.6	-32.9	151.8	20.3	-204.7	1589.7
623	-18.5	-48.8	1291.5	18.7	-30.5	139.9	21.7	-207.0	1592.6
624	-18.4	-50.8	1294.2	17.8	-28.2	128.4	23.0	-209.2	1595.3
625	-18.3	-52.9	1297.0	16.9	-26.0	117.4	24.4	-211.4	1597.8
626	-18.1	-54.9	1299.9	16.0	-23.9	106.9	25.7	-213.6	1600.0
627	-18.0	-57.0	1302.7	15.2	-21.9	96.9	27.1	-215.7	1602.1
628	-17.9	-59.0	1305.7	14.3	-19.9	87.3	28.4	-217.8	1603.9
629	-17.8	-61.0	1308.6	13.5	-18.1	78.2	29.7	-219.9	1605.5
630	-17.6	-62.9	1311.6	12.7	-16.3	69.5	31.0	-222.0	1606.8
631	-17.5	-64.9	1314.6	12.0	-14.6	61.3	32.3	-224.0	1607.9
632	-17.3	-66.9	1317.6	11.2	-13.0	53.4	33.6	-226.0	1608.7
633	-17.2	-68.8	1320.7	10.5	-11.5	46.0	34.9	-228.0	1609.3
634	-17.0	-70.7	1323.8	9.8	-10.1	39.0	36.2	-229.9	1609.6
635	-16.8	-72.6	1326.9	9.1	-8.7	32.4	37.5	-231.8	1609.6
636	-16.6	-74.5	1330.1	8.5	-7.4	26.2	38.7	-233.6	1609.4
637	-16.4	-76.4	1333.3	7.9	-6.2	20.4	40.0	-235.4	1608.9
638	-16.2	-78.2	1336.5	7.3	-5.0	14.9	41.2	-237.2	1608.1
639	-15.9	-80.0	1339.7	6.7	-3.9	9.8	42.4	-238.9	1607.0
640	-15.7	-81.8	1342.9	6.1	-2.9	5.0	43.6	-240.5	1605.7
641	-15.4	-83.6	1346.2	5.6	-2.0	0.5	44.7	-242.2	1604.0
642	-15.1	-85.4	1349.5	5.1	-1.1	-3.6	45.9	-243.7	1602.1
643	-14.8	-87.2	1352.7	4.6	-0.2	-7.5	47.0	-245.2	1599.8
644	-14.5	-88.9	1356.0	4.2	0.5	-11.0	48.1	-246.6	1597.2
645	-14.1	-90.6	1359.3	3.7	1.2	-14.3	49.2	-248.0	1594.3
646	-13.8	-92.3	1362.6	3.3	1.9	-17.3	50.3	-249.3	1591.1
647	-13.4	-94.0	1365.9	2.9	2.5	-20.0	51.3	-250.5	1587.6
648	-13.0	-95.7	1369.2	2.5	3.1	-22.5	52.3	-251.7	1583.8
649	-12.6	-97.4	1372.4	2.2	3.6	-24.8	53.3	-252.8	1579.6
650	-12.1	-99.0	1375.7	1.8	4.0	-26.8	54.3	-253.8	1575.1
651	-11.6	-100.6	1378.9	1.5	4.5	-28.6	55.2	-254.8	1570.3
652	-11.1	-102.3	1382.1	1.2	4.8	-30.2	56.1	-255.7	1565.1
653	-10.6	-103.9	1385.3	0.9	5.2	-31.6	57.0	-256.5	1559.6
654	-10.1	-105.4	1388.4	0.7	5.5	-32.9	57.8	-257.2	1553.7
655	-9.5	-107.0	1391.6	0.4	5.7	-33.9	58.6	-257.8	1547.5
656	-8.9	-108.6	1394.6	0.2	6.0	-34.8	59.4	-258.3	1540.9
657	-8.2	-110.1	1397.7	-0.0	6.2	-35.6	60.2	-258.8	1534.0
658	-7.6	-111.6	1400.6	-0.2	6.3	-36.2	60.9	-259.1	1526.7
659	-6.9	-113.1	1403.6	-0.4	6.5	-36.6	61.5	-259.4	1519.0
660	-6.1	-114.6	1406.4	-0.6	6.6	-36.9	62.2	-259.6	1511.0
661	-5.4	-116.1	1409.2	-0.7	6.7	-37.1	62.8	-259.6	1502.6
662	-4.6	-117.6	1412.0	-0.9	6.7	-37.2	63.4	-259.6	1493.8
663	-3.8	-119.1	1414.6	-1.0	6.8	-37.2	63.9	-259.5	1484.6
664	-2.9	-120.5	1417.2	-1.1	6.8	-37.1	64.4	-259.3	1475.1
665	-2.1	-122.0	1419.7	-1.2	6.8	-36.9	64.8	-258.9	1465.2
666	-1.2	-123.4	1422.1	-1.3	6.8	-36.6	65.3	-258.5	1454.9
667	-0.2	-124.8	1424.4	-1.4	6.8	-36.3	65.6	-258.0	1444.2
668	0.8	-126.2	1426.6	-1.5	6.7	-35.9	66.0	-257.3	1433.1
669	1.8	-127.6	1428.7	-1.6	6.7	-35.4	66.3	-256.6	1421.7
670	2.8	-129.0	1430.7	-1.6	6.6	-34.8	66.5	-255.7	1409.9
671	3.9	-130.4	1432.6	-1.7	6.5	-34.2	66.8	-254.7	1397.6
672	4.9	-131.8	1434.4	-1.7	6.4	-33.6	66.9	-253.6	1385.0
673	6.1	-133.1	1436.0	-1.7	6.3	-32.9	67.1	-252.4	1372.0
674	7.2	-134.5	1437.5	-1.8	6.2	-32.1	67.2	-251.1	1358.6
675	8.4	-135.8	1438.9	-1.8	6.0	-31.4	67.2	-249.7	1344.9
676	9.6	-137.2	1440.1	-1.8	5.9	-30.6	67.3	-248.1	1330.7
677	10.8	-138.5	1441.1	-1.8	5.8	-29.8	67.2	-246.5	1316.2
678	12.1	-139.8	1442.1	-1.8	5.6	-29.0	67.2	-244.7	1301.3
679	13.4	-141.1	1442.8	-1.8	5.5	-28.1	67.1	-242.8	1286.0
680	14.7	-142.4	1443.4	-1.8	5.3	-27.2	66.9	-240.8	1270.3
681	16.0	-143.7	1443.9	-1.8	5.2	-26.4	66.8	-238.7	1254.3
682	17.4	-145.0	1444.1	-1.8	5.0	-25.5	66.5	-236.4	1237.9
683	18.8	-146.2	1444.2	-1.8	4.9	-24.6	66.3	-234.1	1221.1
684	20.2	-147.5	1444.1	-1.7	4.7	-23.7	66.0	-231.6	1204.0
685	21.6	-148.7	1443.8	-1.7	4.5	-22.8	65.7	-229.0	1186.5
686	23.1	-150.0	1443.3	-1.7	4.4	-21.9	65.3	-226.4	1168.7
687	24.5	-151.2	1442.6	-1.7	4.2	-21.1	64.9	-223.6	1150.6
688	26.0	-152.4	1441.7	-1.6	4.0	-20.2	64.4	-220.6	1132.1
689	27.5	-153.6	1440.6	-1.6	3.9	-19.3	63.9	-217.6	1113.3
690	29.0	-154.8	1439.3	-1.6	3.7	-18.5	63.4	-214.5	1094.2
691	30.5	-156.0	1437.8	-1.5	3.6	-17.6	62.9	-211.3	1074.9
692	32.0	-157.1	1436.0	-1.5	3.4	-16.8	62.3	-208.0	1055.2
693	33.6	-158.3	1434.0	-1.4	3.3	-16.0	61.7	-204.6	1035.2
694	35.1	-159.4	1431.8	-1.4	3.1	-15.2	61.0	-201.1	1015.0
695	36.7	-160.5	1429.4	-1.4	3.0	-14.4	60.3	-197.5	994.6
696	38.2	-161.6	1426.7	-1.3	2.8	-13.7	59.6	-193.8	973.9
697	39.8	-162.7	1423.8	-1.3	2.7	-12.9	58.9	-190.0	953.0
698	41.3	-163.8	1420.6	-1.2	2.5	-12.2	58.1	-186.2	931.9
699	42.8	-164.8	1417.1	-1.2	2.4	-11.5	57.3	-182.2	910.6
700	44.4	-165.8	1413.4	-1.1	2.3	-10.8	56.5	-178.2	889.2
701	45.9	-166.8	1409.5	-1.1	2.1	-10.1	55.6	-174.2	867.6
702	47.4	-167.8	1405.3	-1.1	2.0	-9.5	54.7	-170.0	845.8
703	49.0	-168.8	1400.8	-1.0	1.9	-8.9	53.8	-165.9	824.0
704	50.5	-169.7	1396.1	-1.0	1.8	-8.3	52.9	-161.6	802.1
705	51.9	-170.6	1391.0	-0.9	1.6	-7.7	51.9	-157.3	780.1
706	53.4	-171.5	1385.7	-0.9	1.5	-7.1	51.0	-153.0	758.0
707	54.9	-172.4	1380.1	-0.9	1.4	-6.6	50.0	-148.7	736.0
708	56.3	-173.2	1374.3	-0.8	1.3	-6.1	49.0	-144.3	713.9
709	57.7	-174.0	1368.1	-0.8	1.2	-5.6	47.9	-139.9	691.9
710	59.1	-174.8	1361.7	-0.7	1.1	-5.1	46.9	-135.4	669.8
711	60.5	-175.5	1355.0	-0.7	1.0	-4.6	45.8	-131.0	647.9
712	61.8	-176.2	1348.0	-0.7	1.0	-4.2	44.7	-126.6	626.0
713	63.1	-176.8	1340.7	-0.6	0.9	-3.8	43.7	-122.1	604.3
714	64.4	-177.5	1333.1	-0.6	0.8	-3.4	42.6	-117.7	582.7
715	65.6	-178.0	1325.2	-0.6	0.7	-3.0	41.4	-113.3	561.3
716	66.8	-178.6	1317.0	-0.5	0.6	-2.7	40.3	-108.9	540.0
717	68.0	-179.1	1308.5	-0.5	0.6	-2.3	39.2	-104.6	519.0
718	69.1	-179.5	1299.7	-0.5	0.5	-2.0	38.1	-100.3	498.1
719	70.2	-180.0	1290.6	-0.4	0.4	-1.7	36.9	-96.0	477.6
720	71.2	-180.3	1281.1	-0.4	0.4	-1.4	35.8	-91.8	457.3
721	72.2	-180.6	1271.4	-0.4	0.3	-1.1	34.6	-87.6	437.3
722	73.2	-180.9	1261.4	-0.3	0.3	-0.9	33.5	-83.5	417.6
723	74.1	-181.1	1251.1	-0.3	0.2	-0.7	32.3	-79.5	398.2
724	74.9	-181.3	1240.5	-0.3	0.2	-0.4	31.2	-75.5	379.2
725	75.7	-181.4	1229.6	-0.3	0.1	-0.2	30.0	-71.7	360.6
726	76.5	-181.4	1218.4	-0.2	0.1	-0.0	28.9	-67.9	342.4
727	77.2	-181.4	1206.9	-0.2	0.0	0.2	27.8	-64.2	324.6
728	77.9	-181.3	1195.1	-0.2	0.0	0.3	26.7	-60.6	307.2
729	78.5	-181.2	1183.0	-0.2	-0.0	0.5	25.6	-57.1	290.2
730	79.0	-181.0	1170.6	-0.2	-0.1	0.6	24.5	-53.7	273.7
731	79.5	-180.7	1157.9	-0.1	-0.1	0.7	23.4	-50.4	257.7
732	79.9	-180.4	1145.0	-0.1	-0.1	0.9	22.3	-47.2	242.1
733	80.3	-180.0	1131.7	-0.1	-0.1	1.0	21.3	-44.1	227.0
734	80.6	-179.5	1118.2	-0.1	-0.2	1.1	20.2	-41.1	212.3
735	80.9	-179.0	1104.4	-0.1	-0.2	1.2	19.2	-38.2	198.2
736	81.1	-178.4	1090.4	-0.1	-0.2	1.2	18.2	-35.4	184.5
737	81.2	-177.7	1076.0	-0.1	-0.2	1.3	17.3	-32.7	171.3
738	81.3	-177.0	1061.5	-0.0	-0.2	1.4	16.3	-30.1	158.7
739	81.3	-176.2	1046.6	-0.0	-0.2	1.4	15.4	-27.7	146.4
740	81.3	-175.3	1031.5	-0.0	-0.2	1.5	14.5	-25.3	134.7
741	81.2	-174.3	1016.2	-0.0	-0.3	1.5	13.7	-23.0	123.5
742	81.0	-173.2	1000.6	0.0	-0.3	1.5	12.8	-20.8	112.7
743	80.8	-172.1	984.9	0.0	-0.3	1.6	12.0	-18.8	102.4
744	80.5	-170.9	968.9	0.0	-0.3	1.6	11.2	-16.8	92.6
745	80.2	-169.7	952.6	0.0	-0.3	1.6	10.4	-14.9	83.2
746	79.8	-168.3	936.2	0.0	-0.3	1.6	9.7	-13.2	74.3
747	79.4	-166.9	919.6	0.0	-0.3	1.6	9.0	-11.5	65.8
748	78.9	-165.4	902.8	0.0	-0.3	1.6	8.3	-9.9	57.8
749	78.4	-163.8	885.9	0.0	-0.3	1.6	7.7	-8.4	50.1
750	77.8	-162.1	868.8	0.1	-0.3	1.6	7.0	-6.9	42.9
751	77.1	-160.4	851.5	0.1	-0.3	1.6	6.4	-5.6	36.1
752	76.4	-158.6	834.1	0.1	-0.3	1.6	5.9	-4.3	29.6
753	75.7	-156.7	816.5	0.1	-0.3	1.6	5.3	-3.2	23.6
754	74.9	-154.8	798.9	0.1	-0.3	1.5	4.8	-2.1	17.9
755	74.1	-152.7	781.1	0.1	-0.3	1.5	4.3	-1.0	12.6
756	73.2	-150.6	763.2	0.1	-0.3	1.5	3.8	-0.1	7.6
757	72.3	-148.5	745.3	0.1	-0.3	1.5	3.4	0.8	3.0
758	71.3	-146.3	727.2	0.1	-0.3	1.4	2.9	1.7	-1.4
759	70.3	-144.0	709.2	0.1	-0.3	1.4	2.5	2.4	-5.4
760	69.3	-141.6	691.1	0.1	-0.3	1.4	2.1	3.1	-9.1
761	68.2	-139.2	672.9	0.1	-0.3	1.3	1.8	3.8	-12.5
762	67.1	-136.7	654.7	0.1	-0.2	1.3	1.4	4.4	-15.6
763	65.9	-134.2	636.6	0.1	-0.2	1.2	1.1	4.9	-18.5
764	64.8	-131.6	618.4	0.1	-0.2	1.2	0.8	5.4	-21.2
765	63.6	-129.0	600.3	0.1	-0.2	1.2	0.5	5.8	-23.5
766	62.3	-126.3	582.2	0.1	-0.2	1.1	0.3	6.2	-25.7
767	61.1	-123.6	564.2	0.1	-0.2	1.1	0.0	6.6	-27.6
768	59.8	-120.8	546.3	0.1	-0.2	1.1	-0.2	6.9	-29.3
769	58.5	-118.0	528.4	0.1	-0.2	1.0	-0.4	7.1	-30.9
770	57.2	-115.2	510.7	0.1	-0.2	1.0	-0.6	7.3	-32.2
771	55.8	-112.3	493.0	0.1	-0.2	0.9	-0.8	7.5	-33.4
772	54.5	-109.4	475.6	0.1	-0.2	0.9	-1.0	7.7	-34.3
773	53.1	-106.5	458.2	0.1	-0.2	0.9	-1.1	7.8	-35.2
774	51.7	-103.6	441.0	0.1	-0.2	0.8	-1.2	7.9	-35.8
775	50.3	-100.7	424.1	0.1	-0.2	0.8	-1.4	8.0	-36.4
776	48.9	-97.7	407.3	0.1	-0.1	0.7	-1.5	8.0	-36.8
777	47.5	-94.8	390.7	0.1	-0.1	0.7	-1.6	8.1	-37.0
778	46.1	-91.8	374.4	0.1	-0.1	0.7	-1.7	8.0	-37.2
779	44.7	-88.9	358.3	0.1	-0.1	0.6	-1.7	8.0	-37.2
780	43.3	-85.9	342.5	0.1	-0.1	0.6	-1.8	8.0	-37.2
781	41.8	-83.0	326.9	0.1	-0.1	0.6	-1.9	7.9	-37.0
782	40.4	-80.1	311.6	0.1	-0.1	0.5	-1.9	7.8	-36.8
783	39.0	-77.1	296.6	0.1	-0.1	0.5	-2.0	7.7	-36.5
784	37.6	-74.3	282.0	0.1	-0.1	0.5	-2.0	7.6	-36.1
785	36.2	-71.4	267.6	0.0	-0.1	0.4	-2.0	7.5	-35.6
786	34.8	-68.6	253.6	0.0	-0.1	0.4	-2.0	7.4	-35.1
787	33.4	-65.8	240.0	0.0	-0.1	0.4	-2.0	7.3	-34.6
788	32.0	-63.0	226.7	0.0	-0.1	0.3	-2.0	7.1	-33.9
789	30.7	-60.3	213.7	0.0	-0.1	0.3	-2.0	6.9	-33.3
790	29.3	-57.6	201.1	0.0	-0.1	0.3	-2.0	6.8	-32.6
791	28.0	-54.9	188.9	0.0	-0.1	0.3	-2.0	6.6	-31.8
792	26.7	-52.3	177.0	0.0	-0.1	0.2	-2.0	6.4	-31.0
793	25.4	-49.8	165.6	0.0	-0.0	0.2	-2.0	6.3	-30.2
794	24.2	-47.3	154.5	0.0	-0.0	0.2	-2.0	6.1	-29.4
795	22.9	-44.8	143.8	0.0	-0.0	0.2	-1.9	5.9	-28.6
796	21.7	-42.4	133.5	0.0	-0.0	0.1	-1.9	5.7	-27.7
797	20.6	-40.1	123.5	0.0	-0.0	0.1	-1.9	5.5	-26.8
798	19.4	-37.8	114.0	0.0	-0.0	0.1	-1.8	5.3	-26.0
799	18.3	-35.6	104.8	0.0	-0.0	0.1	-1.8	5.1	-25.1
800	17.2	-33.5	96.0	0.0	-0.0	0.1	-1.8	4.9	-24.2
801	16.2	-31.4	87.6	0.0	-0.0	0.0	-1.7	4.7	-23.3
802	15.2	-29.4	79.5	0.0	-0.0	0.0	-1.7	4.5	-22.4
803	14.2	-27.4	71.8	0.0	-0.0	0.0	-1.6	4.4	-21.6
804	13.2	-25.5	64.5	0.0	-0.0	-0.0	-1.6	4.2	-20.7
805	12.3	-23.7	57.5	0.0	-0.0	-0.0	-1.5	4.0	-19.8
806	11.4	-22.0	50.9	0.0	-0.0	-0.0	-1.5	3.8	-19.0
807	10.6	-20.3	44.6	0.0	-0.0	-0.1	-1.4	3.6	-18.1
808	9.7	-18.7	38.6	0.0	-0.0	-0.1	-1.4	3.5	-17.3
809	9.0	-17.1	33.0	0.0	-0.0	-0.1	-1.4	3.3	-16.5
810	8.2	-15.6	27.7	0.0	0.0	-0.1	-1.3	3.1	-15.6
811	7.5	-14.2	22.6	0.0	0.0	-0.1	-1.3	2.9	-14.9
812	6.8	-12.8	17.9	0.0	0.0	-0.1	-1.2	2.8	-14.1
813	6.1	-11.6	13.5	0.0	0.0	-0.1	-1.2	2.6	-13.3
814	5.5	-10.3	9.3	0.0	0.0	-0.1	-1.1	2.5	-12.6
815	4.9	-9.2	5.5	0.0	0.0	-0.1	-1.1	2.3	-11.9
816	4.3	-8.0	1.8	0.0	0.0	-0.1	-1.0	2.2	-11.2
817	3.8	-7.0	-1.5	0.0	0.0	-0.1	-1.0	2.0	-10.5
818	3.3	-6.0	-4.7	0.0	0.0	-0.2	-0.9	1.9	-9.9
819	2.8	-5.0	-7.5	0.0	0.0	-0.2	-0.9	1.8	-9.2
820	2.3	-4.2	-10.2	0.0	0.0	-0.2	-0.8	1.7	-8.6
821	1.9	-3.3	-12.6	0.0	0.0	-0.2	-0.8	1.5	-8.0
822	1.5	-2.5	-14.9	-0.0	0.0	-0.2	-0.8	1.4	-7.4
823	1.1	-1.8	-16.9	-0.0	0.0	-0.2	-0.7	1.3	-6.9
824	0.8	-1.1	-18.8	-0.0	0.0	-0.2	-0.7	1.2	-6.4
825	0.4	-0.5	-20.5	-0.0	0.0	-0.2	-0.6	1.1	-5.9
826	0.1	0.1	-21.9	-0.0	0.0	-0.2	-0.6	1.0	-5.4
827	-0.2	0.7	-23.3	-0.0	0.0	-0.2	-0.6	0.9	-4.9
828	-0.4	1.2	-24.5	-0.0	0.0	-0.2	-0.5	0.8	-4.5
829	-0.7	1.7	-25.5	-0.0	0.0	-0.2	-0.5	0.7	-4.0
830	-0.9	2.1	-26.4	-0.0	-0.0	-0.2	-0.5	0.7	-3.6
831	-1.1	2.5	-27.1	-0.0	-0.0	-0.2	-0.4	0.6	-3.2
832	-1.3	2.9	-27.8	-0.0	-0.0	-0.1	-0.4	0.5	-2.9
833	-1.5	3.2	-28.3	-0.0	-0.0	-0.1	-0.4	0.4	-2.5
834	-1.6	3.5	-28.7	-0.0	-0.0	-0.1	-0.3	0.4	-2.2
835	-1.8	3.8	-29.0	-0.0	-0.0	-0.1	-0.3	0.3	-1.9
836	-1.9	4.0	-29.2	-0.0	-0.0	-0.1	-0.3	0.2	-1.6
837	-2.0	4.2	-29.3	-0.0	-0.0	-0.1	-0.3	0.2	-1.3
838	-2.1	4.4	-29.3	-0.0	-0.0	-0.1	-0.2	0.1	-1.0
839	-2.2	4.6	-29.3	-0.0	-0.0	-0.1	-0.2	0.1	-0.8
840	-2.3	4.7	-29.1	-0.0	-0.0	-0.1	-0.2	0.0	-0.6
841	-2.3	4.8	-28.9	-0.0	-0.0	-0.1	-0.2	0.0	-0.3
842	-2.4	4.9	-28.7	-0.0	-0.0	-0.0	-0.1	-0.0	-0.1
843	-2.4	5.0	-28.4	-0.0	-0.0	-0.0	-0.1	-0.1	0.1
844	-2.5	5.0	-28.0	-0.0	-0.0	-0.0	-0.1	-0.1	0.2
845	-2.5	5.1	-27.6	-0.0	-0.0	0.0	-0.1	-0.1	0.4
846	-2.5	5.1	-27.1	-0.0	-0.0	0.0	-0.1	-0.2	0.5
847	-2.5	5.1	-26.6	-0.0	-0.0	0.1	-0.1	-0.2	0.7
848	-2.5	5.1	-26.1	-0.0	-0.0	0.1	-0.0	-0.2	0.8
849	-2.5	5.1	-25.5	-0.0	-0.1	0.1	-0.0	-0.2	0.9
850	-2.5	5.1	-25.0	-0.0	-0.1	0.1	-0.0	-0.3	1.0
851	-2.5	5.0	-24.3	-0.0	-0.1	0.1	-0.0	-0.3	1.1
852	-2.5	5.0	-23.7	-0.0	-0.1	0.2	-0.0	-0.3	1.2
853	-2.4	4.9	-23.1	-0.0	-0.1	0.2	0.0	-0.3	1.3
854	-2.4	4.8	-22.4	-0.0	-0.1	0.2	0.0	-0.3	1.3
855	-2.4	4.8	-21.7	-0.0	-0.1	0.3	0.0	-0.3	1.4
856	-2.3	4.7	-21.0	-0.0	-0.1	0.3	0.0	-0.3	1.4
857	-2.3	4.6	-20.3	-0.0	-0.1	0.3	0.0	-0.3	1.5
858	-2.2	4.5	-19.7	-0.0	-0.1	0.4	0.0	-0.3	1.5
859	-2.2	4.4	-19.0	-0.0	-0.1	0.4	0.1	-0.3	1.6
860	-2.1	4.3	-18.3	-0.0	-0.1	0.4	0.1	-0.3	1.6
861	-2.1	4.2	-17.6	-0.0	-0.1	0.5	0.1	-0.3	1.6
862	-2.0	4.1	-16.9	-0.0	-0.1	0.5	0.1	-0.3	1.6
863	-2.0	3.9	-16.2	-0.0	-0.1	0.6	0.1	-0.3	1.6
864	-1.9	3.8	-15.5	-0.0	-0.1	0.6	0.1	-0.3	1.6
865	-1.9	3.7	-14.8	-0.0	-0.1	0.6	0.1	-0.3	1.6
866	-1.8	3.6	-14.2	-0.0	-0.1	0.7	0.1	-0.3	1.6
867	-1.7	3.5	-13.5	-0.0	-0.1	0.7	0.1	-0.3	1.6
868	-1.7	3.3	-12.9	-0.0	-0.1	0.8	0.1	-0.3	1.6
869	-1.6	3.2	-12.2	-0.0	-0.1	0.8	0.1	-0.3	1.6
870	-1.6	3.1	-11.6	-0.0	-0.1	0.9	0.1	-0.3	1.5
871	-1.5	3.0	-11.0	-0.0	-0.2	0.9	0.1	-0.3	1.5
872	-1.4	2.9	-10.4	-0.0	-0.2	1.0	0.1	-0.3	1.5
873	-1.4	2.7	-9.8	-0.0	-0.2	1.0	0.1	-0.3	1.5
874	-1.3	2.6	-9.3	0.0	-0.2	1.1	0.1	-0.3	1.4
875	-1.3	2.5	-8.7	0.0	-0.2	1.2	0.1	-0.3	1.4
876	-1.2	2.4	-8.2	0.0	-0.2	1.2	0.1	-0.3	1.4
877	-1.2	2.3	-7.7	0.0	-0.2	1.3	0.1	-0.3	1.3
878	-1.1	2.2	-7.2	0.0	-0.2	1.3	0.1	-0.3	1.3
879	-1.0	2.1	-6.7	0.0	-0.2	1.4	0.1	-0.3	1.3
880	-1.0	1.9	-6.2	0.0	-0.2	1.4	0.1	-0.3	1.2
881	-0.9	1.8	-5.8	0.0	-0.2	1.5	0.1	-0.2	1.2
882	-0.9	1.7	-5.4	0.0	-0.2	1.6	0.1	-0.2	1.2
883	-0.8	1.6	-5.0	0.0	-0.2	1.6	0.1	-0.2	1.1
884	-0.8	1.5	-4.6	0.0	-0.2	1.7	0.1	-0.2	1.1
885	-0.7	1.5	-4.2	0.0	-0.2	1.7	0.1	-0.2	1.0
886	-0.7	1.4	-3.8	0.0	-0.2	1.8	0.1	-0.2	1.0
887	-0.7	1.3	-3.5	0.0	-0.2	1.9	0.1	-0.2	1.0
888	-0.6	1.2	-3.1	0.0	-0.2	1.9	0.1	-0.2	0.9
889	-0.6	1.1	-2.8	0.0	-0.2	2.0	0.1	-0.2	0.9
890	-0.5	1.0	-2.5	0.0	-0.2	2.0	0.1	-0.2	0.8
891	-0.5	1.0	-2.2	0.0	-0.2	2.1	0.1	-0.2	0.8
892	-0.5	0.9	-1.9	0.0	-0.2	2.1	0.1	-0.2	0.8
893	-0.4	0.8	-1.7	0.0	-0.2	2.2	0.1	-0.1	0.7
894	-0.4	0.7	-1.4	0.0	-0.2	2.2	0.1	-0.1	0.7
895	-0.4	0.7	-1.2	0.0	-0.1	2.3	0.1	-0.1	0.7
896	-0.3	0.6	-1.0	0.0	-0.1	2.3	0.1	-0.1	0.6
897	-0.3	0.6	-0.8	0.0	-0.1	2.4	0.1	-0.1	0.6
898	-0.3	0.5	-0.6	0.0	-0.1	2.4	0.1	-0.1	0.5
899	-0.2	0.5	-0.4	0.0	-0.1	2.4	0.1	-0.1	0.5
900	-0.2	0.4	-0.3	0.0	-0.1	2.4	0.0	-0.1	0.5
901	-0.2	0.4	-0.1	0.1	-0.1	2.5	0.0	-0.1	0.4
902	-0.2	0.3	0.0	0.1	-0.1	2.5	0.0	-0.1	0.4
903	-0.1	0.3	0.2	0.1	-0.0	2.5	0.0	-0.1	0.4
904	-0.1	0.2	0.3	0.1	-0.0	2.5	0.0	-0.1	0.4
905	-0.1	0.2	0.4	0.1	-0.0	2.5	0.0	-0.1	0.3
906	-0.1	0.1	0.5	0.1	0.0	2.5	0.0	-0.1	0.3
907	-0.1	0.1	0.6	0.1	0.0	2.5	0.0	-0.1	0.3
908	-0.0	0.1	0.7	0.1	0.1	2.4	0.0	-0.0	0.2
909	-0.0	0.1	0.8	0.1	0.1	2.4	0.0	-0.0	0.2
910	-0.0	0.0	0.9	0.1	0.1	2.3	0.0	-0.0	0.2
911	-0.0	0.0	0.9	0.1	0.2	2.3	0.0	-0.0	0.2
912	0.0	-0.0	1.0	0.1	0.2	2.2	0.0	-0.0	0.1
913	0.0	-0.0	1.0	0.1	0.2	2.1	0.0	-0.0	0.1
914	0.0	-0.1	1.1	0.1	0.3	2.0	0.0	-0.0	0.1
915	0.0	-0.1	1.1	0.1	0.3	1.9	0.0	-0.0	0.1
916	0.0	-0.1	1.1	0.1	0.3	1.8	0.0	-0.0	0.1
917	0.1	-0.1	1.2	0.1	0.4	1.7	0.0	-0.0	0.0
918	0.1	-0.1	1.2	0.1	0.4	1.5	0.0	-0.0	0.0
919	0.1	-0.1	1.2	0.1	0.5	1.4	0.0	-0.0	0.0
920	0.1	-0.2	1.2	0.1	0.5	1.2	0.0	-0.0	-0.0
921	0.1	-0.2	1.2	0.1	0.6	1.0	0.0	-0.0	-0.0
922	0.1	-0.2	1.2	0.1	0.6	0.8	0.0	-0.0	-0.0
923	0.1	-0.2	1.2	0.1	0.7	0.5	0.0	0.0	-0.0
924	0.1	-0.2	1.2	0.1	0.7	0.3	0.0	0.0	-0.1
925	0.1	-0.2	1.2	0.1	0.8	0.0	0.0	0.0	-0.1
926	0.1	-0.2	1.2	0.1	0.9	-0.3	0.0	0.0	-0.1
927	0.1	-0.2	1.2	0.1	0.9	-0.6	0.0	0.0	-0.1
928	0.1	-0.2	1.2	0.1	1.0	-0.9	0.0	0.0	-0.1
929	0.1	-0.2	1.2	0.1	1.1	-1.3	0.0	0.0	-0.1
930	0.1	-0.2	1.1	0.1	1.2	-1.7	0.0	0.0	-0.1
931	0.1	-0.2	1.1	0.1	1.2	-2.1	0.0	0.0	-0.1
932	0.1	-0.2	1.1	0.1	1.3	-2.5	0.0	0.0	-0.1
933	0.1	-0.2	1.1	0.1	1.4	-3.0	0.0	0.0	-0.1
934	0.1	-0.2	1.0	0.1	1.5	-3.5	0.0	0.0	-0.1
935	0.1	-0.2	1.0	0.1	1.6	-4.0	0.0	0.0	-0.1
936	0.1	-0.2	1.0	0.1	1.7	-4.6	0.0	0.0	-0.1
937	0.1	-0.2	1.0	0.1	1.7	-5.1	0.0	0.0	-0.1
938	0.1	-0.2	0.9	0.1	1.8	-5.7	-0.0	0.0	-0.1
939	0.1	-0.2	0.9	0.1	1.9	-6.4	-0.0	0.0	-0.2
940	0.1	-0.2	0.9	0.1	2.0	-7.0	-0.0	0.0	-0.2
941	0.1	-0.2	0.8	0.1	2.1	-7.7	-0.0	0.0	-0.2
942	0.1	-0.2	0.8	0.1	2.2	-8.5	-0.0	0.0	-0.1
943	0.1	-0.2	0.8	0.1	2.3	-9.2	-0.0	0.0	-0.1
944	0.1	-0.2	0.7	0.1	2.4	-10.0	-0.0	0.0	-0.1
945	0.1	-0.2	0.7	0.1	2.5	-10.8	-0.0	0.0	-0.1
946	0.1	-0.2	0.7	0.1	2.6	-11.7	-0.0	-0.0	-0.1
947	0.1	-0.2	0.6	0.1	2.7	-12.6	-0.0	-0.0	-0.1
948	0.1	-0.2	0.6	0.1	2.8	-13.5	-0.0	-0.0	-0.1
949	0.1	-0.2	0.6	0.1	2.9	-14.5	-0.0	-0.0	-0.1
950	0.1	-0.2	0.6	0.1	3.0	-15.5	-0.0	-0.0	-0.1
951	0.1	-0.2	0.5	0.1	3.1	-16.5	-0.0	-0.0	-0.1
952	0.1	-0.1	0.5	0.1	3.2	-17.5	-0.0	-0.0	-0.1
953	0.1	-0.1	0.5	0.0	3.4	-18.6	-0.0	-0.0	-0.1
954	0.1	-0.1	0.4	0.0	3.4	-19.7	-0.0	-0.0	-0.1
955	0.1	-0.1	0.4	0.0	3.5	-20.9	-0.0	-0.0	-0.1
956	0.1	-0.1	0.4	0.0	3.6	-22.0	-0.0	-0.0	-0.0
957	0.1	-0.1	0.4	-0.0	3.7	-23.2	-0.0	-0.0	-0.0
958	0.1	-0.1	0.3	-0.0	3.8	-24.4	-0.0	-0.0	-0.0
959	0.1	-0.1	0.3	-0.0	3.9	-25.7	-0.0	-0.0	-0.0
960	0.1	-0.1	0.3	-0.1	4.0	-26.9	-0.0	-0.0	0.0
961	0.1	-0.1	0.3	-0.1	4.1	-28.2	-0.0	-0.0	0.0
962	0.0	-0.1	0.3	-0.1	4.1	-29.5	-0.0	-0.0	0.1
963	0.0	-0.1	0.2	-0.1	4.2	-30.9	-0.0	-0.1	0.1
964	0.0	-0.1	0.2	-0.2	4.2	-32.2	-0.0	-0.1	0.1
965	0.0	-0.1	0.2	-0.2	4.3	-33.6	-0.0	-0.1	0.1
966	0.0	-0.1	0.2	-0.2	4.3	-34.9	-0.0	-0.1	0.1
967	0.0	-0.1	0.2	-0.2	4.3	-36.3	-0.0	-0.1	0.2
968	0.0	-0.1	0.2	-0.3	4.4	-37.6	-0.0	-0.1	0.2
969	0.0	-0.1	0.2	-0.3	4.4	-39.0	-0.0	-0.1	0.2
970	0.0	-0.1	0.2	-0.4	4.4	-40.4	-0.0	-0.1	0.2
971	0.0	-0.1	0.2	-0.4	4.3	-41.7	-0.0	-0.1	0.3
972	0.0	-0.1	0.1	-0.4	4.3	-43.0	-0.0	-0.1	0.3
973	0.0	-0.1	0.1	-0.5	4.3	-44.3	-0.0	-0.1	0.3
974	0.0	-0.1	0.1	-0.5	4.2	-45.6	-0.0	-0.1	0.4
975	0.0	-0.1	0.1	-0.6	4.1	-46.9	-0.0	-0.1	0.4
976	0.0	-0.1	0.1	-0.6	4.0	-48.1	-0.0	-0.1	0.4
977	0.0	-0.1	0.1	-0.7	3.9	-49.3	-0.0	-0.1	0.5
978	0.0	-0.1	0.1	-0.7	3.8	-50.4	-0.0	-0.1	0.5
979	0.0	-0.1	0.2	-0.8	3.6	-51.5	-0.1	-0.1	0.6
980	0.0	-0.1	0.2	-0.8	3.4	-52.5	-0.1	-0.1	0.6
981	-0.0	-0.1	0.2	-0.9	3.2	-53.4	-0.1	-0.1	0.6
982	-0.0	-0.1	0.2	-0.9	3.0	-54.3	-0.1	-0.1	0.7
983	-0.0	-0.1	0.2	-1.0	2.8	-55.1	-0.1	-0.1	0.7
984	-0.0	-0.1	0.2	-1.0	2.5	-55.7	-0.1	-0.1	0.8
985	-0.0	-0.1	0.2	-1.1	2.2	-56.3	-0.1	-0.1	0.8
986	-0.0	-0.1	0.2	-1.2	1.8	-56.7	-0.1	-0.2	0.9
987	-0.0	-0.1	0.2	-1.2	1.5	-57.1	-0.1	-0.2	0.9
988	-0.0	-0.1	0.3	-1.3	1.1	-57.2	-0.1	-0.2	1.0
989	-0.0	-0.1	0.3	-1.4	0.6	-57.3	-0.1	-0.2	1.0
990	-0.0	-0.1	0.3	-1.5	0.2	-57.2	-0.1	-0.2	1.1
991	-0.0	-0.1	0.3	-1.5	-0.3	-56.9	-0.1	-0.2	1.1
992	-0.0	-0.1	0.4	-1.6	-0.9	-56.4	-0.1	-0.2	1.2
993	-0.0	-0.1	0.4	-1.7	-1.5	-55.7	-0.1	-0.2	1.2
994	-0.0	-0.1	0.4	-1.7	-2.1	-54.8	-0.1	-0.2	1.3
995	-0.0	-0.1	0.4	-1.8	-2.8	-53.7	-0.1	-0.2	1.3
996	-0.0	-0.1	0.5	-1.9	-3.5	-52.4	-0.1	-0.2	1.4
997	-0.0	-0.1	0.5	-2.0	-4.2	-50.8	-0.1	-0.2	1.4
998	-0.0	-0.1	0.5	-2.1	-5.0	-49.0	-0.1	-0.2	1.5
999	-0.0	-0.1	0.6	-2.1	-5.9	-46.8	-0.1	-0.2	1.5
1000	-0.0	-0.1	0.6	-2.2	-6.8	-44.4	-0.1	-0.2	1.6
1001	-0.0	-0.1	0.6	-2.3	-7.7	-41.6	-0.1	-0.2	1.7
1002	-0.0	-0.1	0.7	-2.4	-8.7	-38.6	-0.1	-0.2	1.7
1003	-0.0	-0.1	0.7	-2.5	-9.7	-35.2	-0.1	-0.2	1.8
1004	-0.0	-0.1	0.8	-2.5	-10.8	-31.4	-0.1	-0.2	1.8
1005	-0.0	-0.1	0.8	-2.6	-12.0	-27.2	-0.1	-0.2	1.9
1006	-0.0	-0.2	0.9	-2.7	-13.2	-22.7	-0.1	-0.2	1.9
1007	-0.0	-0.2	0.9	-2.8	-14.5	-17.7	-0.1	-0.2	1.9
1008	-0.0	-0.2	0.9	-2.8	-15.8	-12.3	-0.1	-0.1	2.0
1009	-0.0	-0.2	1.0	-2.9	-17.2	-6.5	-0.1	-0.1	2.0
1010	-0.0	-0.2	1.0	-3.0	-18.6	-0.1	-0.1	-0.1	2.1
1011	-0.0	-0.2	1.1	-3.0	-20.1	6.7	-0.1	-0.1	2.1
1012	-0.0	-0.2	1.1	-3.1	-21.6	14.0	-0.1	-0.1	2.1
1013	-0.0	-0.2	1.2	-3.1	-23.2	21.8	-0.1	-0.1	2.2
1014	-0.0	-0.2	1.2	-3.2	-24.9	30.1	-0.1	-0.1	2.2
1015	-0.0	-0.2	1.3	-3.2	-26.6	39.0	-0.0	-0.1	2.2
1016	-0.0	-0.2	1.3	-3.2	-28.4	48.5	-0.0	-0.1	2.2
1017	-0.0	-0.2	1.4	-3.3	-30.2	58.6	-0.0	-0.0	2.2
1018	-0.0	-0.2	1.4	-3.3	-32.1	69.3	-0.0	-0.0	2.2
1019	-0.0	-0.2	1.5	-3.3	-34.0	80.6	-0.0	0.0	2.2
1020	-0.0	-0.2	1.5	-3.3	-36.0	92.5	-0.0	0.0	2.2
1021	-0.0	-0.2	1.6	-3.3	-38.1	105.1	-0.0	0.0	2.2
1022	-0.0	-0.2	1.6	-3.3	-40.1	118.4	0.0	0.1	2.2
1023	-0.0	-0.2	1.7	-3.3	-42.3	132.3	0.0	0.1	2.2
1024	-0.0	-0.2	1.7	-3.2	-44.5	147.0	0.0	0.1	2.1
1025	-0.0	-0.2	1.8	-3.2	-46.7	162.3	0.0	0.2	2.1
1026	-0.0	-0.2	1.8	-3.1	-48.9	178.4	0.0	0.2	2.0
1027	-0.0	-0.2	1.8	-3.1	-51.2	195.1	0.1	0.2	1.9
1028	-0.0	-0.2	1.9	-3.0	-53.5	212.7	0.1	0.3	1.9
1029	-0.0	-0.1	1.9	-2.9	-55.9	230.9	0.1	0.3	1.8
1030	-0.0	-0.1	1.9	-2.8	-58.3	249.9	0.1	0.3	1.7
1031	-0.0	-0.1	2.0	-2.6	-60.7	269.7	0.1	0.4	1.6
1032	-0.0	-0.1	2.0	-2.5	-63.1	290.2	0.1	0.4	1.4
1033	-0.0	-0.1	2.0	-2.3	-65.5	311.4	0.1	0.5	1.3
1034	-0.0	-0.1	2.0	-2.1	-67.9	333.4	0.2	0.5	1.1
1035	-0.0	-0.1	2.0	-1.9	-70.3	356.2	0.2	0.6	1.0
1036	-0.0	-0.1	2.0	-1.7	-72.6	379.7	0.2	0.6	0.8
1037	-0.0	-0.1	2.0	-1.4	-75.0	403.9	0.2	0.7	0.6
1038	-0.0	-0.0	2.0	-1.2	-77.3	428.8	0.2	0.7	0.4
1039	0.0	-0.0	2.0	-0.9	-79.6	454.4	0.3	0.8	0.1
1040	0.0	-0.0	2.0	-0.5	-81.8	480.7	0.3	0.8	-0.1
1041	0.0	0.0	2.0	-0.2	-84.0	507.6	0.3	0.9	-0.4
1042	0.0	0.0	1.9	0.2	-86.1	535.2	0.3	1.0	-0.7
1043	0.0	0.1	1.9	0.6	-88.1	563.4	0.4	1.0	-1.0
1044	0.0	0.1	1.8	1.0	-90.1	592.1	0.4	1.1	-1.4
1045	0.0	0.1	1.8	1.5	-91.9	621.4	0.4	1.2	-1.7
1046	0.1	0.2	1.7	2.0	-93.6	651.2	0.4	1.3	-2.1
1047	0.1	0.2	1.6	2.5	-95.2	681.4	0.5	1.3	-2.5
1048	0.1	0.2	1.5	3.1	-96.7	712.1	0.5	1.4	-2.9
1049	0.1	0.3	1.4	3.7	-98.0	743.1	0.5	1.5	-3.4
1050	0.1	0.3	1.3	4.3	-99.1	774.5	0.6	1.6	-3.9
1051	0.1	0.3	1.2	5.0	-100.1	806.2	0.6	1.7	-4.4
1052	0.1	0.4	1.1	5.7	-101.0	838.1	0.6	1.8	-4.9
1053	0.1	0.4	0.9	6.4	-101.6	870.2	0.7	1.9	-5.5
1054	0.1	0.5	0.7	7.2	-102.1	902.5	0.7	2.0	-6.0
1055	0.2	0.5	0.5	8.0	-102.5	935.0	0.7	2.0	-6.7
1056	0.2	0.6	0.3	8.8	-102.6	967.4	0.8	2.1	-7.3
1057	0.2	0.6	0.1	9.7	-102.6	1000.0	0.8	2.2	-8.0
1058	0.2	0.7	-0.1	10.6	-102.5	1032.5	0.9	2.3	-8.7
1059	0.2	0.8	-0.4	11.5	-102.2	1065.0	0.9	2.4	-9.4
1060	0.2	0.8	-0.6	12.5	-101.7	1097.5	0.9	2.5	-10.2
1061	0.2	0.9	-0.9	13.6	-101.2	1129.8	1.0	2.6	-10.9
1062	0.3	0.9	-1.2	14.6	-100.5	1162.0	1.0	2.7	-11.8
1063	0.3	1.0	-1.6	15.8	-99.8	1194.1	1.1	2.8	-12.6
1064	0.3	1.1	-1.9	16.9	-98.9	1226.0	1.1	2.9	-13.5
1065	0.3	1.2	-2.3	18.1	-98.0	1257.6	1.1	3.0	-14.4
1066	0.3	1.2	-2.7	19.3	-97.0	1289.0	1.2	3.1	-15.3
1067	0.4	1.3	-3.1	20.6	-96.0	1320.1	1.2	3.2	-16.3
1068	0.4	1.4	-3.6	21.9	-94.9	1350.9	1.3	3.3	-17.2
1069	0.4	1.5	-4.0	23.2	-93.8	1381.4	1.3	3.4	-18.3
1070	0.4	1.6	-4.5	24.6	-92.7	1411.4	1.3	3.5	-19.3
1071	0.4	1.7	-5.0	26.0	-91.5	1441.1	1.4	3.6	-20.4
1072	0.5	1.8	-5.6	27.4	-90.3	1470.4	1.4	3.6	-21.4
1073	0.5	1.9	-6.1	28.9	-89.1	1499.2	1.4	3.7	-22.5
1074	0.5	1.9	-6.7	30.4	-87.9	1527.5	1.5	3.8	-23.7
1075	0.5	2.0	-7.3	31.9	-86.7	1555.4	1.5	3.9	-24.8
1076	0.6	2.1	-8.0	33.4	-85.5	1582.7	1.6	3.9	-26.0
1077	0.6	2.2	-8.7	35.0	-84.3	1609.5	1.6	4.0	-27.2
1078	0.6	2.3	-9.4	36.5	-83.0	1635.7	1.6	4.0	-28.4
1079	0.6	2.4	-10.1	38.1	-81.8	1661.3	1.6	4.1	-29.6
1080	0.6	2.5	-10.8	39.7	-80.6	1686.3	1.7	4.1	-30.8
1081	0.7	2.7	-11.6	41.3	-79.3	1710.7	1.7	4.1	-32.0
1082	0.7	2.8	-12.4	43.0	-78.1	1734.5	1.7	4.1	-33.2
1083	0.7	2.9	-13.3	44.6	-76.9	1757.6	1.7	4.1	-34.5
1084	0.7	3.0	-14.1	46.2	-75.7	1780.0	1.7	4.1	-35.7
1085	0.8	3.1	-15.0	47.8	-74.5	1801.8	1.7	4.1	-36.9
1086	0.8	3.2	-15.9	49.4	-73.3	1822.8	1.7	4.1	-38.1
1087	0.8	3.3	-16.9	50.9	-72.1	1843.2	1.7	4.0	-39.3
1088	0.8	3.4	-17.8	52.5	-70.9	1862.9	1.7	4.0	-40.5
1089	0.8	3.5	-18.8	54.0	-69.8	1881.8	1.7	3.9	-41.6
1090	0.9	3.6	-19.8	55.5	-68.7	1900.0	1.7	3.8	-42.7
1091	0.9	3.7	-20.8	56.9	-67.6	1917.4	1.6	3.7	-43.8
1092	0.9	3.8	-21.9	58.3	-66.6	1934.1	1.6	3.5	-44.8
1093	0.9	3.9	-22.9	59.6	-65.7	1950.0	1.6	3.4	-45.8
1094	0.9	3.9	-24.0	60.9	-64.7	1965.1	1.5	3.2	-46.8
1095	1.0	4.0	-25.1	62.2	-63.9	1979.5	1.5	3.0	-47.6
1096	1.0	4.1	-26.2	63.3	-63.0	1993.1	1.4	2.8	-48.4
1097	1.0	4.2	-27.4	64.4	-62.3	2005.9	1.3	2.5	-49.2
1098	1.0	4.2	-28.5	65.5	-61.6	2017.8	1.2	2.2	-49.8
1099	1.0	4.3	-29.6	66.5	-61.0	2029.0	1.2	1.9	-50.4
1100	1.0	4.3	-30.8	67.4	-60.5	2039.4	1.1	1.6	-50.8
1101	1.0	4.4	-31.9	68.2	-60.0	2049.0	0.9	1.2	-51.2
1102	1.0	4.4	-33.0	68.9	-59.7	2057.8	0.8	0.9	-51.4
1103	1.0	4.4	-34.2	69.6	-59.4	2065.7	0.7	0.4	-51.5
1104	1.0	4.4	-35.3	70.2	-59.2	2072.9	0.5	-0.0	-51.4
1105	1.0	4.4	-36.4	70.7	-59.0	2079.4	0.4	-0.5	-51.3
1106	1.0	4.4	-37.5	71.2	-59.0	2085.1	0.2	-1.1	-50.9
1107	0.9	4.4	-38.5	71.6	-59.0	2090.0	-0.0	-1.6	-50.4
1108	0.9	4.3	-39.6	71.9	-59.1	2094.2	-0.2	-2.2	-49.7
1109	0.9	4.2	-40.6	72.1	-59.3	2097.7	-0.4	-2.9	-48.8
1110	0.9	4.2	-41.5	72.2	-59.5	2100.6	-0.7	-3.6	-47.7
1111	0.8	4.1	-42.5	72.3	-59.9	2102.7	-0.9	-4.3	-46.4
1112	0.8	4.0	-43.3	72.4	-60.2	2104.3	-1.2	-5.1	-44.8
1113	0.7	3.8	-44.2	72.3	-60.7	2105.3	-1.5	-5.9	-43.0
1114	0.7	3.7	-44.9	72.2	-61.2	2105.7	-1.8	-6.7	-41.0
1115	0.6	3.5	-45.6	72.0	-61.7	2105.5	-2.1	-7.7	-38.6
1116	0.6	3.3	-46.2	71.8	-62.3	2104.9	-2.4	-8.6	-36.0
1117	0.5	3.0	-46.7	71.5	-62.9	2103.8	-2.8	-9.6	-33.1
1118	0.4	2.8	-47.2	71.2	-63.5	2102.3	-3.2	-10.7	-29.8
1119	0.3	2.5	-47.5	70.8	-64.2	2100.3	-3.6	-11.8	-26.3
1120	0.3	2.2	-47.7	70.4	-64.9	2098.0	-4.0	-13.0	-22.3
1121	0.2	1.9	-47.8	69.9	-65.7	2095.4	-4.4	-14.2	-18.1
1122	0.1	1.5	-47.8	69.4	-66.4	2092.4	-4.9	-15.4	-13.4
1123	-0.1	1.1	-47.6	68.9	-67.2	2089.1	-5.4	-16.8	-8.3
1124	-0.2	0.6	-47.3	68.4	-68.0	2085.6	-5.9	-18.1	-2.8
1125	-0.3	0.2	-46.9	67.8	-68.7	2081.8	-6.4	-19.6	3.1
1126	-0.5	-0.3	-46.2	67.2	-69.5	2077.8	-7.0	-21.1	9.4
1127	-0.6	-0.9	-45.4	66.6	-70.3	2073.6	-7.5	-22.6	16.2
1128	-0.8	-1.5	-44.4	65.9	-71.1	2069.2	-8.1	-24.2	23.5
1129	-0.9	-2.1	-43.2	65.3	-71.9	2064.6	-8.8	-25.8	31.3
1130	-1.1	-2.8	-41.8	64.6	-72.7	2059.8	-9.4	-27.5	39.5
1131	-1.3	-3.5	-40.1	63.9	-73.5	2054.8	-10.1	-29.3	48.3
1132	-1.5	-4.3	-38.3	63.2	-74.3	2049.7	-10.7	-31.1	57.7
1133	-1.7	-5.1	-36.1	62.5	-75.1	2044.3	-11.5	-32.9	67.6
1134	-2.0	-5.9	-33.7	61.7	-75.9	2038.8	-12.2	-34.8	78.0
1135	-2.2	-6.8	-31.0	61.0	-76.8	2033.0	-12.9	-36.8	89.1
1136	-2.4	-7.8	-28.0	60.2	-77.6	2027.1	-13.7	-38.8	100.7
1137	-2.7	-8.8	-24.8	59.4	-78.4	2020.9	-14.5	-40.8	113.0
1138	-3.0	-9.8	-21.1	58.6	-79.3	2014.3	-15.3	-42.9	125.8
1139	-3.3	-10.9	-17.2	57.8	-80.2	2007.5	-16.1	-45.0	139.3
1140	-3.6	-12.1	-12.9	56.9	-81.1	2000.4	-17.0	-47.2	153.4
1141	-3.9	-13.3	-8.2	56.0	-82.0	1992.8	-17.8	-49.3	168.2
1142	-4.2	-14.6	-3.2	55.0	-83.0	1984.9	-18.7	-51.5	183.6
1143	-4.5	-15.9	2.2	54.0	-84.0	1976.4	-19.6	-53.8	199.7
1144	-4.9	-17.3	8.1	53.0	-85.1	1967.4	-20.5	-56.0	216.5
1145	-5.3	-18.8	14.4	51.8	-86.3	1957.8	-21.4	-58.3	233.9
1146	-5.6	-20.3	21.1	50.7	-87.5	1947.5	-22.4	-60.6	252.1
1147	-6.0	-21.8	28.2	49.4	-88.7	1936.5	-23.3	-62.8	270.8
1148	-6.4	-23.4	35.9	48.1	-90.1	1924.6	-24.3	-65.1	290.3
1149	-6.8	-25.1	44.0	46.6	-91.6	1911.9	-25.2	-67.4	310.4
1150	-7.3	-26.8	52.6				-26.2	-69.6	331.2
1151	-7.7	-28.6	61.8				-27.1	-71.8	352.7
1152	-8.2	-30.5	71.4				-28.0	-74.0	374.8
1153	-8.6	-32.4	81.6				-29.0	-76.2	397.5
1154	-9.1	-34.3	92.4				-29.9	-78.3	420.9
1155	-9.6	-36.3	103.7				-30.8	-80.3	444.8
1156	-10.1	-38.4	115.6				-31.7	-82.3	469.3
1157	-10.6	-40.5	128.0				-32.6	-84.1	494.4
1158	-11.1	-42.6	141.1				-33.4	-85.9	520.0
1159	-11.6	-44.8	154.7				-34.3	-87.6	546.1
1160	-12.2	-47.1	169.0				-35.0	-89.2	572.7
1161	-12.7	-49.4	183.9				-35.8	-90.6	599.7
1162	-13.2	-51.7	199.4				-36.5	-91.9	627.1
1163	-13.8	-54.0	215.5				-37.2	-93.1	654.8
1164	-14.3	-56.4	232.3				-37.8	-94.1	682.9
1165	-14.9	-58.8	249.7				-38.4	-95.0	711.2
1166	-15.4	-61.2	267.7				-38.9	-95.6	739.8
1167	-16.0	-63.6	286.3				-39.4	-96.2	768.7
1168	-16.5	-66.0	305.5				-39.8	-96.5	797.6
1169	-17.1	-68.5	325.4				-40.2	-96.6	826.7
1170	-17.6	-70.9	345.9				-40.5	-96.6	855.9
1171	-18.1	-73.3	366.9				-40.7	-96.4	885.2
1172	-18.6	-75.7	388.5				-40.9	-96.0	914.5
1173	-19.1	-78.0	410.7				-41.0	-95.5	943.8
1174	-19.6	-80.3	433.4				-41.0	-94.8	973.1
1175	-20.1	-82.6	456.7				-41.0	-94.0	1002.3
1176	-20.5	-84.8	480.4				-40.8	-93.0	1031.5
1177	-20.9	-86.9	504.6				-40.6	-91.8	1060.6
1178	-21.3	-89.0	529.3				-40.4	-90.6	1089.6
1179	-21.7	-90.9	554.4				-40.0	-89.3	1118.4
1180	-22.1	-92.8	579.9				-39.6	-87.8	1147.2
1181	-22.4	-94.6	605.7				-39.1	-86.3	1175.8
1182	-22.6	-96.3	631.9				-38.5	-84.7	1204.2
1183	-22.9	-97.9	658.4				-37.8	-83.1	1232.4
1184	-23.1	-99.4	685.2				-37.0	-81.4	1260.5
1185	-23.2	-100.8	712.3				-36.2	-79.6	1288.3
1186	-23.4	-102.0	739.6				-35.3	-77.8	1315.9
1187	-23.4	-103.1	767.1				-34.3	-76.0	1343.2
1188	-23.5	-104.2	794.8				-33.2	-74.1	1370.3
1189	-23.4	-105.1	822.6				-32.0	-72.2	1397.1
1190	-23.3	-105.9	850.6				-30.8	-70.2	1423.7
1191	-23.2	-106.7	878.6				-29.4	-68.2	1449.9
1192	-23.0	-107.3	906.8				-28.0	-66.2	1475.8
1193	-22.7	-107.9	935.0				-26.5	-64.1	1501.4
1194	-22.4	-108.4	963.2				-24.9	-62.0	1526.6
1195	-22.0	-108.8	991.4				-23.2	-59.9	1551.5
1196	-21.5	-109.2	1019.7				-21.5	-57.7	1576.0
1197	-21.0	-109.5	1047.9				-19.6	-55.5	1600.1
1198	-20.4	-109.7	1076.0				-17.7	-53.2	1623.8
1199	-19.8	-110.0	1104.1				-15.7	-50.9	1647.1
1200	-19.0	-110.2	1132.1				-13.6	-48.5	1670.0
1201	-18.2	-110.4	1160.0				-11.4	-46.1	1692.4
1202	-17.4	-110.6	1187.8				-9.2	-43.6	1714.4
1203	-16.4	-110.8	1215.4				-6.9	-41.2	1735.9
1204	-15.4	-111.0	1242.8				-4.5	-38.6	1757.0
1205	-14.3	-111.1	1270.0				-2.1	-36.1	1777.5
1206	-13.2	-111.3	1297.1				0.4	-33.5	1797.5
1207	-12.0	-111.5	1323.8				2.9	-31.0	1816.9
1208	-10.7	-111.7	1350.4				5.4	-28.4	1835.8
1209	-9.4	-111.8	1376.6				8.0	-25.8	1854.0
1210	-8.0	-112.0	1402.6				10.5	-23.3	1871.6
1211	-6.6	-112.1	1428.3				13.1	-20.7	1888.6
1212	-5.1	-112.3	1453.6				15.7	-18.3	1904.9
1213	-3.5	-112.4	1478.6				18.2	-15.8	1920.5
1214	-1.9	-112.5	1503.2				20.8	-13.5	1935.3
1215	-0.3	-112.5	1527.4				23.3	-11.2	1949.4
1216	1.4	-112.6	1551.3				25.7	-9.0	1962.6
1217	3.1	-112.6	1574.7				28.1	-6.9	1975.0
1218	4.9	-112.5	1597.7				30.4	-4.9	1986.6
1219	6.7	-112.4	1620.3				32.7	-3.1	1997.3
1220	8.5	-112.3	1642.4				34.8	-1.4	2007.1
1221	10.4	-112.1	1664.0				36.9	0.1	2016.1
1222	12.2	-111.9	1685.2				38.9	1.5	2024.1
1223	14.1	-111.6	1705.9				40.8	2.7	2031.1
1224	16.0	-111.3	1726.0				42.5	3.7	2037.3
1225	17.8	-110.9	1745.7				44.1	4.6	2042.5
1226	19.7	-110.5	1764.8				45.6	5.2	2046.8
1227	21.6	-110.0	1783.4				47.0	5.7	2050.3
1228	23.4	-109.4	1801.5				48.3	6.0	2052.8
1229	25.2	-108.8	1819.0				49.4	6.2	2054.5
1230	27.0	-108.2	1835.9				50.4	6.1	2055.4
1231	28.8	-107.5	1852.2				51.2	5.9	2055.5
1232	30.5	-106.7	1868.0				52.0	5.6	2054.8
1233	32.1	-106.0	1883.2				52.6	5.1	2053.3
1234	33.8	-105.1	1897.7				53.0	4.4	2051.2
1235	35.3	-104.3	1911.7				53.4	3.6	2048.5
1236	36.8	-103.4	1925.0				53.6	2.7	2045.2
1237	38.3	-102.5	1937.7				53.7	1.7	2041.3
1238	39.7	-101.5	1949.8				53.7	0.6	2036.9
1239	41.0	-100.6	1961.2				53.6	-0.5	2032.0
1240	42.3	-99.6	1972.0				53.4	-1.7	2026.8
1241	43.5	-98.6	1982.2				53.1	-3.0	2021.2
1242	44.6	-97.7	1991.7				52.8	-4.4	2015.2
1243	45.6	-96.7	2000.6				52.3	-5.7	2009.0
1244	46.6	-95.8	2008.9				51.8	-7.1	2002.6
1245	47.5	-94.8	2016.5				51.2	-8.5	1995.9
1246	48.4	-93.9	2023.5				50.6	-9.8	1989.1
1247	49.2	-93.1	2030.0				49.9	-11.2	1982.2
1248	49.9	-92.2	2035.8				49.1	-12.6	1975.1
1249	50.5	-91.5	2041.0				48.3	-13.9	1968.0
1250	51.1	-90.7	2045.6				47.5	-15.3	1960.8
1251	51.6	-90.0	2049.7				46.6	-16.6	1953.6
1252	52.0	-89.4	2053.2				45.7	-17.8	1946.3
1253	52.4	-88.8	2056.2				44.8	-19.1	1939.1
1254	52.8	-88.2	2058.6				43.8	-20.3	1931.7
1255	53.0	-87.7	2060.5				42.8	-21.5	1924.4
1256	53.2	-87.3	2062.0				41.7	-22.6	1917.1
1257	53.4	-87.0	2062.9				40.7	-23.8	1909.6
1258	53.5	-86.6	2063.4				39.5	-24.9	1902.2
1259	53.6	-86.4	2063.5				38.4	-26.0	1894.6
1260	53.6	-86.2	2063.1				37.2	-27.1	1886.9
1261	53.5	-86.1	2062.3				36.0	-28.1	1879.0
1262	53.5	-86.0	2061.0				34.7	-29.2	1870.9
1263	53.3	-86.0	2059.4				33.4	-30.3	1862.6
1264	53.2	-86.0	2057.3				32.0	-31.4	1854.0
1265	53.0	-86.1	2054.9				30.6	-32.5	1845.0
1266	52.7	-86.2	2052.1				29.1	-33.6	1835.6
1267	52.4	-86.4	2048.8				27.5	-34.8	1825.6
1268	52.1	-86.6	2045.2				25.8	-36.0	1815.1
1269	51.7	-86.9	2041.1				24.0	-37.3	1804.0
1270	51.3	-87.2	2036.7				22.0	-38.6	1792.1
1271	50.9	-87.6	2031.8				20.0	-40.1	1779.4
1272	50.4	-88.0	2026.4				17.8	-41.6	1765.8
1273	49.9	-88.5	2020.6						
1274	49.3	-89.0	2014.2						
1275	48.7	-89.6	2007.3						
1276	48.0	-90.2	1999.9						
1277	47.2	-90.8	1991.8						
1278	46.5	-91.5	1983.1						