	D:\RTS 2.0\Data\Walker, Alex_AW\2026-04-02_\Vertical 1.c3d	D:\RTS 2.0\Data\Walker, Alex_AW\2026-04-02_\Vertical 1.c3d	D:\RTS 2.0\Data\Walker, Alex_AW\2026-04-02_\Vertical 1.c3d	D:\RTS 2.0\Data\Walker, Alex_AW\2026-04-02_\Vertical 1.c3d	D:\RTS 2.0\Data\Walker, Alex_AW\2026-04-02_\Vertical 1.c3d	D:\RTS 2.0\Data\Walker, Alex_AW\2026-04-02_\Vertical 1.c3d	D:\RTS 2.0\Data\Walker, Alex_AW\2026-04-02_\Vertical 2.c3d	D:\RTS 2.0\Data\Walker, Alex_AW\2026-04-02_\Vertical 2.c3d	D:\RTS 2.0\Data\Walker, Alex_AW\2026-04-02_\Vertical 2.c3d	D:\RTS 2.0\Data\Walker, Alex_AW\2026-04-02_\Vertical 2.c3d	D:\RTS 2.0\Data\Walker, Alex_AW\2026-04-02_\Vertical 2.c3d	D:\RTS 2.0\Data\Walker, Alex_AW\2026-04-02_\Vertical 2.c3d	D:\RTS 2.0\Data\Walker, Alex_AW\2026-04-02_\Vertical 3.c3d	D:\RTS 2.0\Data\Walker, Alex_AW\2026-04-02_\Vertical 3.c3d	D:\RTS 2.0\Data\Walker, Alex_AW\2026-04-02_\Vertical 3.c3d	D:\RTS 2.0\Data\Walker, Alex_AW\2026-04-02_\Vertical 3.c3d	D:\RTS 2.0\Data\Walker, Alex_AW\2026-04-02_\Vertical 3.c3d	D:\RTS 2.0\Data\Walker, Alex_AW\2026-04-02_\Vertical 3.c3d
	L_Knee_Moment	L_Knee_Moment	L_Knee_Moment	R_Knee_Moment	R_Knee_Moment	R_Knee_Moment	L_Knee_Moment	L_Knee_Moment	L_Knee_Moment	R_Knee_Moment	R_Knee_Moment	R_Knee_Moment	L_Knee_Moment	L_Knee_Moment	L_Knee_Moment	R_Knee_Moment	R_Knee_Moment	R_Knee_Moment
	LINK_MODEL_BASED	LINK_MODEL_BASED	LINK_MODEL_BASED	LINK_MODEL_BASED	LINK_MODEL_BASED	LINK_MODEL_BASED	LINK_MODEL_BASED	LINK_MODEL_BASED	LINK_MODEL_BASED	LINK_MODEL_BASED	LINK_MODEL_BASED	LINK_MODEL_BASED	LINK_MODEL_BASED	LINK_MODEL_BASED	LINK_MODEL_BASED	LINK_MODEL_BASED	LINK_MODEL_BASED	LINK_MODEL_BASED
	ORIGINAL	ORIGINAL	ORIGINAL	ORIGINAL	ORIGINAL	ORIGINAL	ORIGINAL	ORIGINAL	ORIGINAL	ORIGINAL	ORIGINAL	ORIGINAL	ORIGINAL	ORIGINAL	ORIGINAL	ORIGINAL	ORIGINAL	ORIGINAL
ITEM	X	Y	Z	X	Y	Z	X	Y	Z	X	Y	Z	X	Y	Z	X	Y	Z
1																		
2																		
3	11.16	3.31	0.41	-0.55	-12.29	3.69	0.26	1.83	1.09	-0.82	-1.80	1.05	7.56	8.44	-1.57	-1.30	-4.45	3.90
4	11.61	3.52	0.35	-0.34	-12.60	3.85	0.53	1.99	1.06	-1.19	-2.48	1.31	8.25	8.74	-1.71	-1.01	-4.78	4.09
5	12.28	3.70	0.30	-0.12	-12.86	4.01	0.88	2.14	1.04	-1.54	-3.20	1.60	9.00	9.04	-1.86	-0.69	-5.11	4.28
6	12.91	3.88	0.25	0.21	-13.10	4.15	1.24	2.27	1.03	-1.86	-3.90	1.90	9.85	9.33	-2.00	-0.35	-5.41	4.46
7	13.62	4.06	0.21	0.48	-13.29	4.28	1.61	2.41	1.01	-2.23	-4.60	2.20	10.77	9.63	-2.15	0.09	-5.71	4.65
8	14.40	4.24	0.16	0.87	-13.47	4.41	2.05	2.54	0.99	-2.49	-5.30	2.51	11.80	9.92	-2.29	0.61	-5.97	4.82
9	15.23	4.41	0.12	1.24	-13.61	4.53	2.49	2.66	0.97	-2.78	-6.00	2.83	12.86	10.21	-2.44	1.11	-6.22	5.00
10	16.13	4.57	0.07	1.62	-13.73	4.64	2.97	2.78	0.94	-3.01	-6.65	3.14	14.07	10.49	-2.59	1.72	-6.43	5.16
11	17.10	4.73	0.03	2.14	-13.85	4.76	3.49	2.88	0.92	-3.21	-7.32	3.47	15.31	10.77	-2.75	2.36	-6.61	5.30
12	18.08	4.90	-0.02	2.56	-13.94	4.86	3.98	3.01	0.88	-3.36	-7.94	3.79	16.67	11.02	-2.89	3.05	-6.76	5.44
13	19.20	5.04	-0.06	3.08	-14.03	4.97	4.62	3.10	0.85	-3.45	-8.52	4.10	18.01	11.27	-3.04	3.75	-6.89	5.56
14	20.23	5.20	-0.11	3.64	-14.11	5.07	5.11	3.22	0.81	-3.46	-9.09	4.42	19.49	11.51	-3.18	4.51	-6.98	5.66
15	21.42	5.34	-0.15	4.15	-14.18	5.18	5.80	3.29	0.77	-3.42	-9.60	4.72	21.02	11.72	-3.31	5.24	-7.05	5.75
16	22.64	5.48	-0.19	4.76	-14.25	5.29	6.45	3.38	0.73	-3.23	-10.07	5.02	22.53	11.94	-3.45	6.10	-7.10	5.83
17	23.82	5.61	-0.22	5.36	-14.31	5.39	7.14	3.46	0.69	-3.04	-10.49	5.31	24.15	12.12	-3.57	6.84	-7.13	5.89
18	25.07	5.75	-0.26	5.94	-14.37	5.50	7.86	3.53	0.65	-2.72	-10.86	5.59	25.78	12.31	-3.69	7.73	-7.15	5.94
19	26.39	5.84	-0.27	6.61	-14.43	5.60	8.65	3.58	0.61	-2.31	-11.18	5.85	27.45	12.48	-3.81	8.53	-7.17	5.99
20	27.63	5.97	-0.31	7.26	-14.51	5.72	9.45	3.64	0.57	-1.83	-11.44	6.10	29.17	12.64	-3.91	9.44	-7.19	6.05
21	28.96	6.05	-0.31	7.91	-14.55	5.83	10.31	3.68	0.53	-1.26	-11.67	6.35	30.86	12.79	-4.03	10.29	-7.19	6.10
22	30.25	6.13	-0.31	8.65	-14.64	5.97	11.26	3.72	0.49	-0.60	-11.83	6.57	32.65	12.92	-4.12	11.20	-7.21	6.18
23	31.57	6.20	-0.30	9.37	-14.71	6.12	12.16	3.76	0.45	0.01	-11.97	6.78	34.37	13.05	-4.23	12.09	-7.22	6.25
24	32.86	6.25	-0.28	10.16	-14.79	6.29	13.22	3.78	0.41	0.77	-12.05	6.98	36.16	13.16	-4.34	12.95	-7.23	6.32
25	34.12	6.28	-0.25	10.96	-14.87	6.46	14.25	3.80	0.38	1.52	-12.09	7.14	37.91	13.26	-4.44	13.79	-7.23	6.38
26	35.36	6.29	-0.21	11.75	-14.95	6.67	15.38	3.81	0.35	2.24	-12.11	7.30	39.63	13.36	-4.56	14.61	-7.25	6.47
27	36.58	6.29	-0.16	12.61	-15.01	6.86	16.49	3.82	0.33	3.06	-12.08	7.43	41.36	13.44	-4.68	15.41	-7.25	6.54
28	37.75	6.27	-0.10	13.46	-15.05	7.05	17.71	3.82	0.31	3.73	-12.02	7.55	43.05	13.52	-4.81	16.11	-7.23	6.60
29	38.90	6.24	-0.04	14.27	-15.08	7.23	18.96	3.82	0.30	4.51	-11.93	7.64	44.71	13.59	-4.95	16.83	-7.23	6.67
30	40.01	6.19	0.03	15.08	-15.08	7.41	20.24	3.82	0.29	5.24	-11.83	7.72	46.33	13.66	-5.09	17.50	-7.24	6.76
31	41.08	6.13	0.10	15.91	-15.06	7.57	21.59	3.81	0.28	5.91	-11.71	7.78	47.89	13.73	-5.25	18.13	-7.24	6.83
32	42.12	6.06	0.18	16.73	-15.01	7.72	22.99	3.80	0.29	6.61	-11.59	7.84	49.41	13.79	-5.42	18.71	-7.25	6.93
33	43.12	5.99	0.26	17.49	-14.95	7.86	24.41	3.80	0.29	7.29	-11.46	7.88	50.87	13.86	-5.60	19.30	-7.27	7.04
34	44.13	5.90	0.35	18.33	-14.86	7.98	25.87	3.81	0.29	7.96	-11.34	7.93	52.31	13.91	-5.77	19.79	-7.29	7.16
35	45.07	5.81	0.44	19.08	-14.75	8.09	27.37	3.81	0.29	8.60	-11.21	7.97	53.63	13.99	-5.97	20.35	-7.33	7.30
36	46.02	5.72	0.54	19.85	-14.63	8.19	28.91	3.84	0.29	9.27	-11.09	8.00	54.91	14.06	-6.16	20.75	-7.37	7.45
37	46.90	5.63	0.63	20.63	-14.49	8.28	30.49	3.86	0.29	9.92	-10.98	8.03	56.16	14.12	-6.36	21.27	-7.43	7.63
38	47.84	5.54	0.73	21.34	-14.33	8.36	32.03	3.91	0.28	10.53	-10.87	8.07	57.28	14.20	-6.57	21.64	-7.48	7.82
39	48.67	5.48	0.82	22.11	-14.16	8.43	33.65	3.96	0.26	11.20	-10.76	8.08	58.41	14.26	-6.75	22.12	-7.55	8.03
40	49.51	5.43	0.90	22.80	-13.98	8.49	35.24	4.04	0.23	11.86	-10.69	8.12	59.41	14.34	-6.95	22.45	-7.62	8.25
41	50.36	5.38	0.98	23.47	-13.77	8.54	36.87	4.11	0.21	12.54	-10.60	8.15	60.37	14.40	-7.14	22.83	-7.69	8.48
42	51.16	5.37	1.04	24.17	-13.58	8.61	38.42	4.23	0.15	13.16	-10.52	8.18	61.30	14.45	-7.31	23.21	-7.78	8.75
43	51.91	5.38	1.08	24.78	-13.37	8.65	40.06	4.33	0.11	13.94	-10.48	8.25	62.13	14.50	-7.47	23.56	-7.86	9.00
44	52.69	5.40	1.12	25.35	-13.15	8.69	41.57	4.48	0.04	14.64	-10.42	8.31	62.90	14.54	-7.62	23.89	-7.92	9.26
45	53.39	5.45	1.13	25.99	-12.94	8.75	43.19	4.62	-0.02	15.44	-10.40	8.40	63.63	14.56	-7.75	24.23	-8.01	9.55
46	54.04	5.53	1.12	26.50	-12.72	8.79	44.65	4.79	-0.11	16.14	-10.34	8.47	64.31	14.56	-7.85	24.58	-8.09	9.84
47	54.76	5.61	1.11	27.00	-12.50	8.85	46.20	4.96	-0.18	17.03	-10.34	8.60	64.94	14.54	-7.93	24.90	-8.16	10.13
48	55.30	5.75	1.06	27.47	-12.26	8.89	47.64	5.15	-0.27	17.77	-10.29	8.69	65.50	14.51	-7.99	25.23	-8.24	10.44
49	55.89	5.88	1.00	27.90	-12.04	8.94	49.08	5.34	-0.35	18.68	-10.28	8.82	66.06	14.45	-8.01	25.60	-8.33	10.77
50	56.45	6.03	0.93	28.29	-11.82	9.00	50.53	5.53	-0.43	19.51	-10.23	8.92	66.56	14.38	-8.00	25.95	-8.40	11.12
51	56.88	6.22	0.82	28.69	-11.59	9.06	51.82	5.74	-0.51	20.36	-10.20	9.03	67.02	14.28	-7.97	26.30	-8.48	11.49
52	57.38	6.39	0.72	28.96	-11.37	9.13	53.17	5.93	-0.58	21.24	-10.15	9.11	67.50	14.15	-7.88	26.72	-8.58	11.89
53	57.77	6.59	0.60	29.28	-11.14	9.19	54.43	6.12	-0.64	22.13	-10.10	9.18	67.90	14.01	-7.78	27.07	-8.64	12.29
54	58.15	6.79	0.48	29.54	-10.93	9.27	55.62	6.32	-0.71	23.02	-10.05	9.25	68.33	13.84	-7.61	27.51	-8.73	12.75
55	58.48	6.99	0.34	29.75	-10.71	9.36	56.85	6.48	-0.75	23.88	-9.98	9.28	68.75	13.64	-7.41	27.91	-8.80	13.21
56	58.76	7.19	0.21	29.97	-10.49	9.45	57.93	6.66	-0.80	24.80	-9.92	9.32	69.13	13.43	-7.17	28.38	-8.88	13.72
57	59.05	7.37	0.09	30.15	-10.29	9.56	59.06	6.80	-0.83	25.67	-9.85	9.33	69.52	13.21	-6.89	28.81	-8.95	14.25
58	59.29	7.56	-0.03	30.30	-10.08	9.67	60.10	6.94	-0.85	26.57	-9.79	9.34	69.96	12.96	-6.55	29.30	-9.01	14.81
59	59.49	7.72	-0.13	30.49	-9.91	9.82	61.15	7.04	-0.86	27.47	-9.73	9.35	70.34	12.71	-6.20	29.80	-9.07	15.42
60	59.71	7.86	-0.22	30.58	-9.71	9.96	62.16	7.13	-0.86	28.36	-9.67	9.35	70.77	12.45	-5.80	30.33	-9.13	16.06
61	59.88	7.98	-0.29	30.73	-9.55	10.15	63.14	7.19	-0.84	29.25	-9.63	9.36	71.20	12.19	-5.37	30.85	-9.17	16.72
62	60.02	8.09	-0.34	30.89	-9.39	10.35	64.10	7.23	-0.82	30.09	-9.57	9.34	71.62	11.94	-4.92	31.45	-9.22	17.45
63	60.16	8.16	-0.36	30.98	-9.23	10.57	65.03	7.25	-0.78	31.02	-9.55	9.37	72.11	11.68	-4.43	32.01	-9.25	18.19
64	60.25	8.22	-0.36	31.14	-9.10	10.83	65.99	7.23	-0.72	31.87	-9.53	9.38	72.55	11.44	-3.94	32.69	-9.28	18.98
65	60.35	8.24	-0.31	31.28	-8.97	11.12	66.92	7.18	-0.66	32.75	-9.52	9.43	73.01	11.21	-3.43	33.28	-9.29	19.79
66	60.40	8.24	-0.24	31.42	-8.85	11.42	67.76	7.13	-0.60	33.64	-9.52	9.48	73.50	11.00	-2.91	34.03	-9.31	20.65
67	60.46	8.21	-0.11	31.62	-8.74	11.76	68.70	7.02	-0.50	34.51	-9.54	9.55	73.99	10.80	-2.38	34.70	-9.31	21.53
68	60.49	8.16	0.06	31.79	-8.64	12.15	69.55	6.91	-0.41	35.38	-9.58	9.66	74.50	10.62	-1.85	35.45	-9.30	22.43
69	60.47	8.09	0.27	31.97	-8.54	12.53	70.40	6.77	-0.31	36.21	-9.62	9.78	74.97	10.48	-1.32	36.22	-9.28	23.35
70	60.46	7.99	0.52	32.24	-8.46	12.96	71.23	6.60	-0.18	37.14	-9.70	9.96	75.48	10.35	-0.79	37.03	-9.25	24.29
71	60.44	7.88	0.83	32.41	-8.35	13.40	72.07	6.41	-0.04	37.95	-9.79	10.15	75.98	10.25	-0.26	37.85	-9.21	25.24
72	60.38	7.76	1.16	32.70	-8.27	13.89	72.82	6.21	0.10	38.82	-9.89	10.38	76.48	10.17	0.25	38.72	-9.15	26.19
73	60.34	7.62	1.55	32.96	-8.18	14.37	73.65	5.97	0.28	39.62	-10.00	10.65	76.99	10.12	0.77	39.60	-9.08	27.16
74	60.27	7.49	1.98	33.26	-8.10	14.90	74.39	5.74	0.45	40.48	-10.15	10.97	77.43	10.11	1.25	40.53	-9.01	28.11
75	60.22	7.33	2.44	33.56	-8.01	15.43	75.17	5.48	0.66	41.23	-10.28	11.29	77.92	10.11	1.73	41.44	-8.91	29.04
76	60.12	7.19	2.92	33.89	-7.91	15.97	75.91	5.21	0.88	42.04	-10.44	11.67	78.40	10.14	2.21	42.40	-8.80	29.98
77	60.09	7.03	3.46	34.22	-7.82	16.55	76.60	4.94	1.10	42.74	-10.62	12.09	78.84	10.20	2.65	43.37	-8.68	30.87
78	60.02	6.88	4.00	34.57	-7.72	17.13	77.35	4.65	1.36	43.48	-10.79	12.53	79.28	10.27	3.08	44.34	-8.55	31.75
79	59.96	6.73	4.57	34.94	-7.62	17.73	78.07	4.36	1.63	44.10	-10.96	12.99	79.73	10.36	3.49	45.35	-8.42	32.61
80	59.95	6.58	5.17	35.29	-7.51	18.33	78.78	4.07	1.92	44.72	-11.15	13.51	80.16	10.46	3.90	46.33	-8.27	33.41
81	59.93	6.45	5.77	35.72	-7.40	18.95	79.49	3.78	2.24	45.30	-11.34	14.05	80.56	10.59	4.26	47.33	-8.12	34.19
82	59.95	6.32	6.39	36.12	-7.28	19.57	80.21	3.49	2.58	45.78	-11.52	14.60	81.00	10.71	4.62	48.31	-7.97	34.91
83	60.01	6.19	7.02	36.49	-7.14	20.16	80.89	3.21	2.94	46.28	-11.70	15.19	81.39	10.85	4.94	49.31	-7.82	35.62
84	60.09	6.08	7.64	36.97	-7.02	20.80	81.58	2.93	3.32	46.65	-11.87	15.80	81.88	10.98	5.27	50.24	-7.66	36.24
85	60.22	5.97	8.27	37.37	-6.88	21.40	82.32	2.65	3.75	47.03	-12.04	16.43	82.27	11.12	5.55	51.25	-7.52	36.85
86	60.35	5.89	8.87	37.80	-6.73	22.00	83.03	2.39	4.17	47.35	-12.19	17.09	82.76	11.25	5.83	52.11	-7.38	37.39
87	60.57	5.79	9.48	38.24	-6.58	22.57	83.72	2.14	4.64	47.59	-12.33	17.75	83.23	11.38	6.08	53.00	-7.25	37.86
88	60.83	5.72	10.07	38.66	-6.41	23.14	84.44	1.89	5.12	47.89	-12.47	18.46	83.75	11.49	6.30	53.87	-7.14	38.32
89	61.12	5.64	10.64	39.09	-6.24	23.68	85.16	1.65	5.64	48.02	-12.57	19.15	84.29	11.59	6.51	54.59	-7.02	38.68
90	61.42	5.58	11.18	39.51	-6.07	24.20	85.86	1.44	6.17	48.23	-12.67	19.88	84.82	11.67	6.68	55.38	-6.93	39.04
91	61.80	5.53	11.69	39.88	-5.88	24.69	86.58	1.23	6.72	48.36	-12.74	20.62	85.38	11.74	6.82	55.99	-6.84	39.29
92	62.21	5.47	12.19	40.30	-5.70	25.15	87.28	1.03	7.29	48.49	-12.79	21.36	85.89	11.79	6.94	56.58	-6.78	39.55
93	62.64	5.42	12.64	40.62	-5.52	25.61	87.90	0.87	7.85	48.58	-12.83	22.12	86.36	11.83	7.01	57.10	-6.72	39.71
94	63.08	5.38	13.06	41.00	-5.33	26.01	88.61	0.71	8.44	48.65	-12.84	22.88	86.83	11.84	7.06	57.51	-6.68	39.85
95	63.57	5.34	13.45	41.28	-5.14	26.39	89.19	0.58	9.02	48.74	-12.84	23.65	87.20	11.84	7.07	57.91	-6.66	39.93
96	64.05	5.30	13.80	41.57	-4.96	26.75	89.77	0.49	9.59	48.75	-12.80	24.43	87.51	11.83	7.03	58.18	-6.64	39.95
97	64.54	5.27	14.11	41.77	-4.77	27.06	90.33	0.41	10.17	48.83	-12.76	25.21	87.87	11.77	6.99	58.35	-6.63	39.92
98	65.08	5.22	14.39	42.02	-4.60	27.35	90.85	0.36	10.73	48.84	-12.69	26.00	88.06	11.72	6.88	58.50	-6.64	39.84
99	65.54	5.19	14.61	42.13	-4.43	27.60	91.38	0.34	11.29	48.88	-12.60	26.80	88.23	11.63	6.75	58.53	-6.64	39.69
100	66.07	5.15	14.81	42.27	-4.28	27.85	91.80	0.36	11.80	48.82	-12.48	27.58	88.35	11.52	6.58	58.47	-6.65	39.47
101	66.54	5.11	14.95	42.32	-4.13	28.04	92.28	0.40	12.32	48.86	-12.37	28.40	88.37	11.40	6.36	58.36	-6.68	39.22
102	67.03	5.06	15.07	42.39	-4.01	28.24	92.70	0.48	12.79	48.81	-12.22	29.20	88.40	11.25	6.13	58.14	-6.68	38.88
103	67.47	5.03	15.13	42.32	-3.90	28.38	92.99	0.60	13.22	48.75	-12.06	29.99	88.30	11.10	5.82	57.88	-6.70	38.50
104	67.90	4.98	15.16	42.27	-3.81	28.53	93.39	0.73	13.62	48.69	-11.89	30.78	88.17	10.92	5.49	57.50	-6.71	38.04
105	68.29	4.93	15.15	42.16	-3.73	28.63	93.66	0.91	13.97	48.58	-11.70	31.55	87.99	10.73	5.12	57.10	-6.71	37.51
106	68.66	4.88	15.10	42.00	-3.68	28.73	93.87	1.12	14.27	48.48	-11.50	32.30	87.75	10.53	4.70	56.60	-6.71	36.96
107	68.95	4.84	15.01	41.80	-3.65	28.80	94.09	1.34	14.51	48.30	-11.29	33.03	87.41	10.32	4.24	56.05	-6.70	36.31
108	69.24	4.78	14.88	41.51	-3.63	28.83	94.27	1.60	14.70	48.16	-11.07	33.74	87.08	10.09	3.74	55.45	-6.69	35.63
109	69.45	4.72	14.72	41.25	-3.64	28.86	94.35	1.88	14.81	47.99	-10.83	34.41	86.66	9.86	3.20	54.75	-6.66	34.88
110	69.62	4.66	14.51	40.86	-3.67	28.85	94.46	2.17	14.89	47.76	-10.60	35.09	86.24	9.61	2.63	54.07	-6.63	34.06
111	69.76	4.58	14.28	40.49	-3.71	28.80	94.45	2.48	14.87	47.55	-10.35	35.70	85.75	9.37	2.02	53.24	-6.58	33.16
112	69.78	4.52	14.00	40.06	-3.78	28.73	94.46	2.80	14.82	47.28	-10.10	36.30	85.24	9.12	1.37	52.49	-6.54	32.23
113	69.84	4.43	13.71	39.55	-3.86	28.62	94.39	3.13	14.69	47.02	-9.85	36.89	84.70	8.87	0.69	51.65	-6.48	31.22
114	69.77	4.35	13.36	39.03	-3.95	28.45	94.31	3.46	14.51	46.74	-9.60	37.43	84.20	8.62	-0.03	50.81	-6.41	30.16
115	69.71	4.26	12.99	38.49	-4.05	28.24	94.10	3.80	14.26	46.37	-9.34	37.93	83.63	8.37	-0.79	49.95	-6.34	29.09
116	69.56	4.17	12.58	37.88	-4.17	27.97	93.94	4.13	13.98	46.09	-9.10	38.42	83.07	8.12	-1.58	49.11	-6.25	27.95
117	69.43	4.07	12.16	37.25	-4.29	27.63	93.69	4.46	13.63	45.68	-8.86	38.84	82.56	7.86	-2.37	48.26	-6.17	26.82
118	69.21	3.97	11.70	36.59	-4.41	27.24	93.41	4.77	13.24	45.26	-8.62	39.23	81.98	7.62	-3.21	47.46	-6.07	25.66
119	68.98	3.87	11.22	35.92	-4.55	26.82	93.08	5.08	12.80	44.85	-8.41	39.59	81.49	7.37	-4.04	46.64	-5.97	24.50
120	68.72	3.76	10.72	35.19	-4.67	26.29	92.70	5.38	12.33	44.35	-8.20	39.87	80.93	7.13	-4.89	45.91	-5.87	23.35
121	68.41	3.65	10.21	34.49	-4.80	25.75	92.29	5.66	11.83	43.87	-8.01	40.10	80.50	6.89	-5.73	45.18	-5.76	22.21
122	68.09	3.53	9.67	33.73	-4.92	25.16	91.79	5.94	11.29	43.34	-7.85	40.30	79.98	6.66	-6.57	44.52	-5.64	21.08
123	67.70	3.42	9.13	33.04	-5.05	24.54	91.29	6.19	10.73	42.80	-7.70	40.42	79.60	6.43	-7.37	43.93	-5.53	20.00
124	67.30	3.30	8.56	32.26	-5.16	23.88	90.68	6.44	10.14	42.23	-7.58	40.48	79.21	6.20	-8.17	43.39	-5.41	18.94
125	66.91	3.18	8.00	31.51	-5.27	23.15	90.06	6.66	9.55	41.64	-7.48	40.49	78.87	5.98	-8.93	42.94	-5.30	17.94
126	66.46	3.07	7.42	30.82	-5.38	22.38	89.39	6.87	8.94	41.00	-7.41	40.43	78.56	5.76	-9.66	42.51	-5.19	16.98
127	66.07	2.95	6.82	30.04	-5.47	21.59	88.65	7.07	8.32	40.43	-7.39	40.34	78.32	5.54	-10.34	42.25	-5.08	16.08
128	65.65	2.84	6.23	29.38	-5.56	20.73	87.84	7.25	7.69	39.73	-7.37	40.13	78.14	5.32	-10.98	41.98	-4.99	15.24
129	65.23	2.74	5.60	28.67	-5.64	19.86	86.99	7.42	7.07	39.13	-7.40	39.92	78.02	5.11	-11.57	41.87	-4.91	14.47
130	64.87	2.64	4.97	28.03	-5.71	18.95	86.11	7.57	6.45	38.43	-7.45	39.61	77.96	4.90	-12.12	41.79	-4.84	13.77
131	64.53	2.55	4.32	27.43	-5.78	18.03	85.14	7.71	5.84	37.76	-7.54	39.26	78.03	4.69	-12.62	41.81	-4.80	13.14
132	64.21	2.46	3.67	26.87	-5.84	17.11	84.15	7.83	5.25	37.06	-7.65	38.85	78.15	4.49	-13.06	41.92	-4.78	12.58
133	63.91	2.40	3.00	26.30	-5.90	16.18	83.13	7.93	4.67	36.38	-7.79	38.35	78.28	4.29	-13.44	42.08	-4.78	12.10
134	63.69	2.33	2.34	25.91	-5.96	15.27	82.05	8.02	4.10	35.66	-7.96	37.84	78.57	4.08	-13.76	42.35	-4.82	11.71
135	63.50	2.28	1.67	25.48	-6.02	14.37	80.95	8.08	3.55	34.98	-8.15	37.22	78.85	3.87	-14.01	42.68	-4.89	11.39
136	63.36	2.24	1.01	25.13	-6.08	13.50	79.86	8.12	3.02	34.25	-8.37	36.59	79.21	3.66	-14.19	43.10	-5.00	11.14
137	63.27	2.22	0.34	24.87	-6.16	12.66	78.70	8.15	2.51	33.54	-8.59	35.86	79.65	3.44	-14.31	43.62	-5.15	10.97
138	63.28	2.21	-0.31	24.68	-6.23	11.85	77.58	8.15	2.00	32.85	-8.84	35.10	80.08	3.22	-14.35	44.16	-5.35	10.87
139	63.27	2.21	-0.94	24.59	-6.32	11.09	76.46	8.12	1.53	32.16	-9.10	34.28	80.64	2.99	-14.31	44.79	-5.58	10.83
140	63.35	2.22	-1.54	24.57	-6.41	10.36	75.32	8.08	1.06	31.44	-9.36	33.42	81.18	2.76	-14.21	45.54	-5.88	10.88
141	63.47	2.24	-2.13	24.61	-6.53	9.70	74.21	8.01	0.61	30.82	-9.64	32.51	81.78	2.52	-14.03	46.27	-6.21	10.95
142	63.66	2.25	-2.68	24.78	-6.65	9.06	73.12	7.93	0.16	30.20	-9.91	31.54	82.40	2.27	-13.78	47.13	-6.60	11.09
143	63.87	2.29	-3.24	25.01	-6.80	8.50	72.12	7.81	-0.27	29.55	-10.18	30.57	83.07	2.02	-13.47	47.97	-7.04	11.30
144	64.18	2.32	-3.75	25.35	-6.96	7.96	71.08	7.69	-0.71	29.00	-10.44	29.52	83.74	1.76	-13.10	48.97	-7.53	11.52
145	64.51	2.37	-4.27	25.79	-7.16	7.50	70.15	7.55	-1.15	28.49	-10.69	28.47	84.41	1.49	-12.68	49.89	-8.08	11.82
146	64.89	2.41	-4.75	26.33	-7.37	7.07	69.26	7.39	-1.58	28.00	-10.93	27.38	85.13	1.21	-12.22	50.97	-8.69	12.14
147	65.36	2.45	-5.21	26.94	-7.60	6.71	68.41	7.23	-2.04	27.60	-11.16	26.28	85.83	0.93	-11.71	52.02	-9.35	12.50
148	65.87	2.48	-5.63	27.70	-7.87	6.38	67.65	7.05	-2.47	27.23	-11.37	25.16	86.54	0.64	-11.16	53.12	-10.07	12.90
149	66.34	2.53	-6.04	28.51	-8.16	6.10	66.94	6.86	-2.93	26.94	-11.57	24.03	87.26	0.33	-10.58	54.27	-10.85	13.33
150	66.96	2.54	-6.40	29.48	-8.49	5.86	66.32	6.66	-3.38	26.75	-11.74	22.90	87.99	0.02	-9.99	55.48	-11.69	13.79
151	67.54	2.56	-6.73	30.47	-8.84	5.67	65.76	6.45	-3.84	26.61	-11.91	21.78	88.75	-0.29	-9.38	56.65	-12.57	14.24
152	68.19	2.56	-7.03	31.58	-9.23	5.52	65.29	6.23	-4.29	26.58	-12.05	20.68	89.48	-0.62	-8.77	57.91	-13.49	14.72
153	68.84	2.55	-7.28	32.81	-9.66	5.42	64.87	6.02	-4.74	26.56	-12.17	19.58	90.27	-0.96	-8.15	59.14	-14.45	15.19
154	69.52	2.51	-7.49	34.09	-10.12	5.34	64.57	5.79	-5.20	26.70	-12.28	18.53	90.97	-1.30	-7.54	60.43	-15.44	15.64
155	70.19	2.46	-7.66	35.43	-10.62	5.33	64.35	5.57	-5.65	26.87	-12.37	17.50	91.73	-1.65	-6.93	61.70	-16.45	16.10
156	70.94	2.38	-7.78	36.94	-11.16	5.33	64.24	5.33	-6.10	27.14	-12.46	16.52	92.43	-2.01	-6.35	62.98	-17.46	16.53
157	71.64	2.28	-7.84	38.34	-11.74	5.41	64.10	5.10	-6.54	27.46	-12.53	15.58	93.21	-2.38	-5.76	64.32	-18.47	16.93
158	72.40	2.15	-7.85	40.02	-12.36	5.49	64.20	4.85	-6.95	27.90	-12.60	14.68	93.88	-2.75	-5.20	65.55	-19.45	17.30
159	73.17	1.99	-7.81	41.63	-13.03	5.65	64.23	4.61	-7.35	28.37	-12.67	13.85	94.61	-3.12	-4.67	66.87	-20.41	17.65
160	73.92	1.81	-7.73	43.30	-13.73	5.82	64.41	4.34	-7.72	28.91	-12.73	13.06	95.28	-3.50	-4.15	68.18	-21.29	17.93
161	74.71	1.60	-7.60	45.07	-14.48	6.06	64.65	4.07	-8.06	29.53	-12.80	12.32	95.91	-3.87	-3.67	69.45	-22.09	18.15
162	75.50	1.37	-7.43	46.86	-15.26	6.32	64.91	3.78	-8.36	30.20	-12.88	11.66	96.50	-4.24	-3.19	70.66	-22.78	18.29
163	76.33	1.11	-7.21	48.67	-16.08	6.61	65.29	3.47	-8.62	30.93	-12.95	11.05	97.01	-4.60	-2.76	71.85	-23.31	18.32
164	77.13	0.84	-6.96	50.55	-16.94	6.95	65.67	3.15	-8.83	31.74	-13.05	10.50	97.42	-4.96	-2.34	73.01	-23.66	18.25
165	77.98	0.53	-6.68	52.44	-17.82	7.30	66.16	2.80	-9.00	32.57	-13.17	10.02	97.73	-5.30	-1.96	74.09	-23.78	18.03
166	78.80	0.20	-6.37	54.27	-18.72	7.69	66.62	2.43	-9.13	33.50	-13.31	9.61	97.89	-5.64	-1.59	75.05	-23.66	17.69
167	79.66	-0.15	-6.03	56.20	-19.65	8.09	67.20	2.04	-9.20	34.44	-13.47	9.26	97.90	-5.96	-1.24	75.94	-23.23	17.16
168	80.54	-0.51	-5.68	58.10	-20.58	8.51	67.80	1.62	-9.21	35.46	-13.66	8.96	97.74	-6.26	-0.93	76.66	-22.48	16.49
169	81.41	-0.89	-5.31	59.97	-21.51	8.92	68.40	1.18	-9.19	36.54	-13.89	8.75	97.33	-6.56	-0.61	77.22	-21.37	15.65
170	82.29	-1.28	-4.92	61.86	-22.43	9.33	69.09	0.70	-9.09	37.66	-14.16	8.59	96.69	-6.84	-0.31	77.56	-19.86	14.64
171	83.19	-1.68	-4.52	63.70	-23.33	9.73	69.77	0.20	-8.95	38.85	-14.47	8.49	95.80	-7.11	-0.01	77.76	-17.97	13.48
172	84.02	-2.08	-4.10	65.54	-24.19	10.11	70.48	-0.33	-8.73	40.07	-14.81	8.45	94.54	-7.36	0.27	77.60	-15.64	12.17
173	84.84	-2.48	-3.69	67.29	-24.98	10.45	71.24	-0.88	-8.48	41.35	-15.20	8.47	92.97	-7.61	0.54	77.21	-12.92	10.76
174	85.57	-2.88	-3.26	68.99	-25.69	10.74	72.03	-1.47	-8.16	42.68	-15.63	8.54	91.06	-7.87	0.82	76.56	-9.82	9.27
175	86.24	-3.27	-2.84	70.59	-26.29	10.96	72.88	-2.09	-7.78	44.04	-16.10	8.66	88.72	-8.11	1.09	75.60	-6.40	7.77
176	86.78	-3.66	-2.41	72.12	-26.76	11.11	73.72	-2.73	-7.36	45.44	-16.61	8.81	86.01	-8.37	1.36	74.25	-2.69	6.28
177	87.19	-4.05	-1.97	73.50	-27.06	11.15	74.64	-3.39	-6.88	46.86	-17.15	9.02	82.88	-8.64	1.63	72.69	1.18	4.88
178	87.39	-4.43	-1.54	74.77	-27.17	11.09	75.57	-4.08	-6.37	48.32	-17.75	9.26	79.31	-8.93	1.90	70.66	5.13	3.61
179	87.44	-4.80	-1.11	75.88	-27.07	10.92	76.58	-4.78	-5.82	49.82	-18.36	9.52	75.43	-9.25	2.17	68.42	8.98	2.56
180	87.19	-5.16	-0.68	76.77	-26.72	10.63	77.56	-5.49	-5.25	51.23	-18.99	9.81	71.11	-9.59	2.42	65.77	12.62	1.73
181	86.71	-5.52	-0.25	77.46	-26.10	10.21	78.60	-6.22	-4.65	52.81	-19.66	10.13	66.48	-9.98	2.68	62.84	15.86	1.18
182	85.91	-5.86	0.16	77.97	-25.18	9.64	79.64	-6.95	-4.05	54.33	-20.32	10.44	61.58	-10.42	2.92	59.55	18.51	0.94
183	84.79	-6.20	0.57	78.17	-23.95	8.96	80.69	-7.69	-3.43	55.74	-20.97	10.74	56.34	-10.88	3.14	56.02	20.39	1.01
184	83.25	-6.53	0.96	78.12	-22.41	8.17	81.75	-8.42	-2.83	57.30	-21.62	11.03	51.04	-11.42	3.34	52.20	21.35	1.36
185	81.39	-6.86	1.34	77.75	-20.54	7.27	82.76	-9.14	-2.22	58.76	-22.23	11.28	45.50	-11.99	3.49	48.11	21.24	1.95
186	79.08	-7.19	1.72	77.05	-18.37	6.30	83.82	-9.86	-1.63	60.21	-22.77	11.49	40.02	-12.62	3.61	43.82	19.95	2.71
187	76.34	-7.55	2.08	76.04	-15.94	5.29	84.72	-10.56	-1.04	61.62	-23.27	11.68	34.39	-13.27	3.67	39.35	17.46	3.56
188	73.14	-7.92	2.43	74.65	-13.26	4.25	85.66	-11.24	-0.48	62.99	-23.62	11.74	28.96	-13.98	3.67	34.57	13.79	4.40
189	69.60	-8.33	2.77	72.93	-10.43	3.26	86.40	-11.90	0.06	64.29	-23.86	11.76	23.58	-14.71	3.60	29.89	8.98	5.13
190	65.55	-8.77	3.09	70.85	-7.49	2.33	87.14	-12.54	0.57	65.50	-23.92	11.66	18.36	-15.42	3.45	24.89	3.27	5.65
191	61.11	-9.24	3.38	68.42	-4.58	1.53	87.59	-13.13	1.05	66.63	-23.79	11.44	13.42	-16.14	3.23	19.97	-3.15	5.88
192	56.41	-9.77	3.64	65.67	-1.78	0.87	87.98	-13.70	1.50	67.57	-23.41	11.08	8.78	-16.82	2.91	15.09	-9.98	5.77
193	51.29	-10.34	3.87	62.61	0.78	0.41	88.09	-14.21	1.90	68.43	-22.77	10.58	4.34	-17.41	2.52	10.34	-16.84	5.31
194	45.99	-10.96	4.06	59.32	2.95	0.16	87.96	-14.69	2.26	69.08	-21.80	9.91	0.43	-17.93	2.04	5.76	-23.38	4.49
195	40.49	-11.62	4.19	55.70	4.64	0.12	87.55	-15.11	2.59	69.57	-20.51	9.08	-3.24	-18.27	1.49	1.52	-29.24	3.38
196	34.91	-12.33	4.28	51.96	5.69	0.30	86.83	-15.49	2.87	69.76	-18.83	8.09	-6.44	-18.45	0.89	-2.99	-9.01	1.12
197	29.20	-13.06	4.30	48.00	6.00	0.67	85.71	-15.80	3.10	69.79	-16.79	6.97	-12.64	-7.80	0.66	-3.90	-9.87	0.90
198	23.61	-13.82	4.26	43.84	5.52	1.19	84.27	-16.05	3.29	69.52	-14.33	5.70	-14.13	-8.59	0.23	-4.62	-10.49	0.61
199	18.12	-14.59	4.14	39.72	4.15	1.80	82.31	-16.24	3.45	68.98	-11.51	4.35	-15.38	-9.13	-0.24	-5.39	-10.78	0.28
200	12.78	-15.35	3.94	35.38	1.96	2.43	80.00	-16.37	3.56	68.13	-8.32	2.93	-16.40	-9.40	-0.72	-5.99	-10.73	-0.06
201	7.66	-16.07	3.65	31.16	-1.04	3.01	77.17	-16.44	3.65	66.93	-4.80	1.49	-17.08	-9.42	-1.17	-6.54	-10.40	-0.39
202	2.87	-16.76	3.27	26.84	-4.71	3.46	73.84	-16.43	3.70	65.45	-1.03	0.08	-17.33	-9.23	-1.57	-6.80	-9.82	-0.67
203	-1.67	-17.36	2.82	22.63	-8.91	3.73	70.07	-16.37	3.73	63.53	2.94	-1.25	-17.22	-8.89	-1.90	-7.06	-9.00	-0.91
204	-5.75	-17.87	2.28	18.53	-13.42	3.76	65.79	-16.24	3.74	61.33	6.95	-2.42	-16.51	-8.50	-2.17	-6.91	-8.07	-1.08
205	-9.57	-18.22	1.67	14.61	-17.98	3.52	61.08	-16.05	3.74	58.70	10.91	-3.40	-15.45	-8.06	-2.34	-6.59	-7.05	-1.19
206	-12.87	-18.42	1.00	10.88	-22.37	3.03	56.00	-15.82	3.73	55.78	14.64	-4.12	-13.81	-7.71	-2.46	-6.05	-5.96	-1.22
207	-15.73	-18.42	0.29	7.44	-26.32	2.31	50.52	-15.53	3.71	52.46	17.99	-4.55	-11.68	-7.46	-2.51	-5.23	-4.86	-1.18
208	-18.28	-6.82	0.37	-0.71	-4.20	0.88	44.75	-15.20	3.68	48.76	20.76	-4.65	-9.17	-7.30	-2.50	-4.23	-3.77	-1.08
209	-19.73	-7.40	-0.12	-1.13	-5.13	0.85	38.74	-14.84	3.65	44.87	22.76	-4.43	-6.32	-7.24	-2.45	-3.17	-2.66	-0.92
210	-21.02	-7.67	-0.64	-1.61	-5.86	0.76	32.63	-14.47	3.62	40.55	23.86	-3.91	-3.15	-7.29	-2.35	-1.94	-1.63	-0.72
211	-21.85	-7.74	-1.16	-2.03	-6.37	0.61	26.41	-14.08	3.57	36.00	23.87	-3.12	0.16	-7.39	-2.23	-0.75	-0.64	-0.48
212	-22.28	-7.57	-1.63	-2.47	-6.66	0.42	20.28	-13.72	3.51	31.26	22.71	-2.14	3.56	-7.55	-2.08	0.44	0.29	-0.23
213	-22.20	-7.24	-2.04	-2.89	-6.74	0.22	14.20	-13.34	3.42	26.22	20.34	-1.06	6.96	-7.73	-1.91	1.56	1.10	0.03
214	-21.54	-6.84	-2.38	-3.20	-6.64	0.01	8.39	-13.02	3.30	21.14	16.74	0.04	10.22	-7.88	-1.74	2.63	1.81	0.29
215	-20.39	-6.40	-2.62	-3.46	-6.38	-0.18	2.85	-12.71	3.14	15.83	12.05	1.01	13.27	-8.00	-1.56	3.55	2.45	0.53
216	-18.65	-6.06	-2.79	-3.55	-6.03	-0.36	-2.37	-12.44	2.92	10.57	6.37	1.80	16.04	-8.05	-1.38	4.35	3.00	0.75
217	-16.43	-5.82	-2.90	-3.58	-5.62	-0.51	-7.12	-12.21	2.65	5.34	0.02	2.28	18.50	-8.03	-1.20	4.99	3.47	0.94
218	-13.81	-5.72	-2.94	-3.31	-5.20	-0.63	-11.47	-12.00	2.31	0.25	-6.75	2.42	20.56	-7.88	-1.02	5.49	3.88	1.11
219	-10.66	-5.84	-2.93	-3.01	-4.74	-0.71	-15.30	-11.78	1.90	-4.67	-13.58	2.19	22.23	-7.61	-0.85	5.83	4.24	1.24
220	-7.30	-6.07	-2.87	-2.50	-4.27	-0.76	-18.57	-11.56	1.44	-9.16	-20.12	1.61	23.44	-7.22	-0.67	5.94	4.62	1.35
221	-3.63	-6.46	-2.77	-1.95	-3.81	-0.77	-19.06	-0.20	1.13	-13.29	-25.96	0.72	24.25	-6.70	-0.51	5.99	4.92	1.42
222	0.26	-6.98	-2.64	-1.31	-3.35	-0.75	-20.44	-1.19	0.93	-12.55	-8.57	0.84	24.67	-6.08	-0.35	5.85	5.24	1.47
223	4.08	-7.50	-2.48	-0.72	-2.93	-0.71	-21.70	-2.01	0.64	-13.47	-9.23	0.49	24.61	-5.36	-0.20	5.58	5.55	1.49
224	7.97	-8.07	-2.29	-0.06	-2.54	-0.66	-22.65	-2.69	0.28	-14.16	-9.68	0.11	24.23	-4.59	-0.07	5.25	5.86	1.50
225	11.65	-8.58	-2.08	0.53	-2.20	-0.59	-23.27	-3.20	-0.12	-14.66	-9.82	-0.30	23.52	-3.78	0.04	4.81	6.16	1.48
226	15.20	-9.05	-1.86	1.04	-1.88	-0.52	-23.43	-3.63	-0.52	-15.05	-9.66	-0.68	22.44	-2.94	0.15	4.26	6.48	1.45
227	18.37	-9.36	-1.62	1.53	-1.61	-0.45	-23.04	-3.98	-0.92	-14.98	-9.29	-1.03	21.19	-2.12	0.23	3.69	6.80	1.42
228	21.26	-9.57	-1.38	1.87	-1.34	-0.37	-22.18	-4.32	-1.28	-14.81	-8.64	-1.31	19.63	-1.27	0.31	3.06	7.11	1.38
229	23.74	-9.59	-1.13	2.12	-1.05	-0.29	-20.78	-4.68	-1.61	-14.22	-7.86	-1.51	18.02	-0.50	0.36	2.38	7.43	1.34
230	25.77	-9.44	-0.87	2.27	-0.81	-0.23	-18.73	-5.20	-1.92	-13.30	-6.94	-1.61	16.16	0.32	0.42	1.74	7.72	1.30
231	27.40	-9.12	-0.62	2.19	-0.47	-0.16	-16.23	-5.80	-2.18	-12.08	-5.96	-1.63	14.32	1.06	0.47	1.03	8.04	1.25
232	28.54	-8.62	-0.37	2.06	-0.14	-0.09	-13.29	-6.52	-2.40	-10.48	-4.94	-1.55	12.41	1.79	0.53	0.37	8.31	1.21
233	29.29	-7.97	-0.14	1.84	0.22	-0.03	-9.90	-7.38	-2.59	-8.64	-3.94	-1.39	10.47	2.51	0.58	-0.28	8.58	1.18
234	29.58	-7.17	0.08	1.38	0.67	0.03	-6.22	-8.34	-2.74	-6.66	-2.93	-1.16	8.58	3.19	0.64	-0.91	8.79	1.14
235	29.51	-6.28	0.29	0.96	1.11	0.09	-2.38	-9.33	-2.84	-4.46	-1.98	-0.87	6.80	3.84	0.70	-1.52	9.00	1.11
236	29.03	-5.30	0.46	0.36	1.63	0.14	1.51	-10.35	-2.91	-2.18	-1.13	-0.55	5.07	4.47	0.78	-2.06	9.16	1.08
237	28.22	-4.27	0.62	-0.24	2.15	0.20	5.41	-11.36	-2.94	0.00	-0.32	-0.22	3.49	5.07	0.85	-2.55	9.26	1.05
238	27.09	-3.21	0.75	-0.91	2.72	0.26	9.15	-12.31	-2.95	2.28	0.35	0.12	1.95	5.66	0.94	-3.05	9.35	1.01
239	25.74	-2.16	0.86	-1.59	3.30	0.32	12.70	-13.16	-2.92	4.42	0.90	0.44	0.64	6.19	1.03	-3.43	9.37	0.99
240	24.17	-1.14	0.94	-2.31	3.88	0.38	15.84	-13.82	-2.86	6.35	1.40	0.74	-0.63	6.73	1.12	-3.78	9.34	0.96
241	22.41	-0.14	1.01	-3.01	4.49	0.45	18.81	-14.39	-2.77	8.20	1.75	1.01	-1.73	7.21	1.22	-4.16	9.30	0.93
242	20.50	0.80	1.06	-3.63	5.03	0.51	21.18	-14.68	-2.65	9.80	2.06	1.25	-2.72	7.66	1.31	-4.36	9.18	0.91
243	18.57	1.68	1.09	-4.26	5.59	0.58	23.24	-14.79	-2.50	11.18	2.29	1.44	-3.56	8.06	1.39	-4.60	9.05	0.88
244	16.46	2.50	1.12	-4.77	6.10	0.65	24.85	-14.67	-2.34	12.34	2.47	1.60	-4.30	8.40	1.46	-4.75	8.86	0.86
245	14.42	3.25	1.13	-5.29	6.57	0.71	25.97	-14.31	-2.15	13.21	2.65	1.71	-4.98	8.72	1.53	-4.88	8.65	0.83
246	12.39	3.94	1.14	-5.67	6.98	0.77	26.67	-13.75	-1.95	13.86	2.80	1.79	-5.47	8.95	1.58	-4.94	8.39	0.81
247	10.33	4.58	1.15	-5.93	7.32	0.83	26.98	-12.99	-1.75	14.26	2.97	1.84	-5.95	9.15	1.62	-4.94	8.09	0.79
248	8.40	5.15	1.16	-6.13	7.60	0.89	26.86	-12.04	-1.54	14.43	3.12	1.86	-6.28	9.27	1.64	-4.92	7.78	0.77
249	6.53	5.68	1.16	-6.22	7.81	0.94	26.42	-10.96	-1.33	14.43	3.33	1.86	-6.57	9.34	1.65	-4.79	7.41	0.74
250	4.84	6.15	1.17	-6.19	7.96	0.98	25.69	-9.79	-1.13	14.23	3.53	1.83	-6.77	9.35	1.65	-4.63	7.00	0.72
251	3.14	6.62	1.18	-6.11	8.03	1.01	24.62	-8.48	-0.92	13.87	3.78	1.80	-6.86	9.28	1.64	-4.47	6.61	0.69
252	1.69	7.03	1.20	-5.84	8.02	1.03	23.37	-7.16	-0.73	13.37	4.05	1.75	-6.94	9.18	1.61	-4.20	6.14	0.66
253	0.35	7.41	1.21	-5.67	7.99	1.03	21.95	-5.81	-0.54	12.82	4.33	1.69	-6.96	9.03	1.58	-3.89	5.66	0.63
254	-0.86	7.78	1.24	-5.27	7.86	1.03	20.35	-4.45	-0.36	12.15	4.61	1.63	-6.91	8.81	1.54	-3.58	5.20	0.60
255	-1.91	8.11	1.27	-4.92	7.71	1.02	18.74	-3.13	-0.19	11.47	4.90	1.58	-6.84	8.58	1.50	-3.18	4.70	0.56
256	-2.82	8.41	1.30	-4.47	7.50	1.00	17.02	-1.84	-0.02	10.71	5.20	1.52	-6.70	8.29	1.46	-2.81	4.20	0.52
257	-3.66	8.69	1.33	-4.00	7.23	0.97	15.32	-0.60	0.14	9.92	5.47	1.46	-6.50	7.97	1.41	-2.41	3.71	0.49
258	-4.32	8.91	1.36	-3.58	6.96	0.93	13.66	0.57	0.29	9.25	5.72	1.41	-6.40	7.65	1.36	-1.98	3.23	0.45
259	-4.89	9.10	1.39	-3.06	6.63	0.89	12.12	1.62	0.43	8.46	5.93	1.35	-6.16	7.27	1.31	-1.61	2.78	0.41
260	-5.36	9.24	1.41	-2.59	6.27	0.84	10.55	2.64	0.58	7.78	6.09	1.30	-5.92	6.88	1.25	-1.16	2.33	0.38
261	-5.83	9.35	1.42	-2.18	5.92	0.78	9.20	3.52	0.71	7.15	6.21	1.26	-5.73	6.50	1.20	-0.86	1.95	0.33
262	-6.16	9.39	1.43	-1.71	5.53	0.73	7.88	4.32	0.82	6.49	6.27	1.21	-5.44	6.08	1.15	-0.45	1.55	0.30
263	-6.43	9.39	1.43	-1.33	5.13	0.67	6.63	5.05	0.93	6.01	6.24	1.17	-5.22	5.67	1.10	-0.15	1.23	0.27
264	-6.69	9.36	1.42	-1.02	4.78	0.62	5.61	5.64	1.03	5.40	6.20	1.12	-4.98	5.26	1.04	0.17	0.92	0.23
265	-6.97	9.28	1.41	-0.67	4.38	0.57	4.60	6.17	1.11	4.99	6.05	1.08	-4.73	4.86	1.00	0.44	0.66	0.21
266	-7.06	9.15	1.39	-0.46	4.03	0.52	3.77	6.57	1.18	4.59	5.86	1.03	-4.50	4.45	0.95	0.64	0.43	0.18
267	-7.21	8.99	1.37	-0.25	3.69	0.48	2.90	6.94	1.24	4.21	5.59	0.98	-4.30	4.09	0.90	0.91	0.22	0.16
268	-7.40	8.80	1.34	-0.11	3.37	0.44	2.25	7.17	1.28	3.88	5.31	0.93	-4.09	3.73	0.86	1.06	0.06	0.14
269	-7.41	8.59	1.31	0.06	3.06	0.40	1.56	7.33	1.31	3.60	4.94	0.88	-3.88	3.39	0.82	1.24	-0.08	0.13
270	-7.50	8.35	1.27	0.07	2.81	0.37	0.98	7.42	1.33	3.39	4.54	0.83	-3.73	3.11	0.78	1.39	-0.20	0.11
271	-7.52	8.11	1.24	0.18	2.55	0.34	0.45	7.40	1.33	3.12	4.13	0.77	-3.54	2.83	0.75	1.50	-0.29	0.10
272	-7.51	7.84	1.20	0.14	2.36	0.32	-0.07	7.34	1.32	2.96	3.66	0.72	-3.41	2.60	0.72	1.61	-0.38	0.09
273	-7.49	7.57	1.16	0.18	2.15	0.31	-0.53	7.19	1.30	2.76	3.21	0.66	-3.30	2.41	0.69	1.73	-0.44	0.09
274	-7.40	7.30	1.12	0.18	1.99	0.29	-0.94	6.97	1.26	2.57	2.75	0.60	-3.20	2.24	0.67	1.83	-0.52	0.08
275	-7.28	7.02	1.08	0.15	1.85	0.28	-1.35	6.71	1.22	2.44	2.26	0.53	-3.10	2.11	0.65	1.88	-0.55	0.08
276	-7.15	6.74	1.04	0.16	1.71	0.27	-1.62	6.36	1.17	2.22	1.83	0.47	-3.02	1.99	0.62	1.98	-0.64	0.07
277	-6.96	6.47	1.01	0.19	1.60	0.27	-1.96	6.03	1.12	2.08	1.38	0.40	-3.00	1.93	0.61	2.07	-0.68	0.06
278	-6.75	6.20	0.97	0.16	1.52	0.27	-2.16	5.63	1.06	1.89	0.96	0.32	-2.97	1.86	0.59	2.06	-0.74	0.05
279	-6.52	5.93	0.93	0.27	1.42	0.27	-2.34	5.21	0.99	1.74	0.56	0.25	-2.96	1.83	0.57	2.21	-0.84	0.05
280	-6.21	5.68	0.89	0.22	1.40	0.28	-2.39	4.78	0.93	1.53	0.20	0.17	-2.95	1.78	0.55	2.16	-0.86	0.04
281	-5.97	5.44	0.86	0.35	1.32	0.28	-2.43	4.37	0.87	1.43	-0.16	0.10	-3.05	1.78	0.53	2.24	-0.98	0.02
282	-5.60	5.21	0.82	0.39	1.30	0.29	-2.36	3.95	0.81	1.24	-0.45	0.02	-3.03	1.74	0.50	2.24	-1.05	0.01
283	-5.34	5.00	0.79	0.52	1.27	0.31	-2.26	3.55	0.76	1.06	-0.71	-0.05	-3.12	1.74	0.48	2.20	-1.11	-0.00
284	-4.97	4.78	0.76	0.59	1.28	0.32	-2.03	3.18	0.71	0.95	-0.94	-0.11	-3.15	1.72	0.45	2.20	-1.19	-0.02
285	-4.63	4.58	0.73	0.72	1.29	0.34	-1.84	2.84	0.66	0.76	-1.12	-0.17	-3.28	1.73	0.42	2.19	-1.29	-0.04
286	-4.36	4.40	0.70	0.75	1.34	0.36	-1.52	2.52	0.61	0.65	-1.26	-0.22	-3.31	1.73	0.39	2.11	-1.35	-0.05
287	-4.01	4.22	0.67	0.93	1.36	0.39	-1.23	2.25	0.58	0.48	-1.34	-0.26	-3.41	1.73	0.36	2.00	-1.41	-0.07
288	-3.75	4.05	0.64	0.99	1.44	0.41	-0.89	2.02	0.54	0.33	-1.39	-0.30	-3.50	1.75	0.34	1.98	-1.49	-0.09
289	-3.43	3.87	0.61	1.10	1.50	0.44	-0.53	1.81	0.51	0.22	-1.40	-0.32	-3.53	1.74	0.31	1.81	-1.55	-0.11
290	-3.17	3.71	0.58	1.13	1.61	0.46	-0.28	1.67	0.49	0.02	-1.36	-0.33	-3.63	1.75	0.28	1.75	-1.60	-0.12
291	-2.92	3.53	0.55	1.25	1.68	0.49	0.07	1.54	0.47	-0.12	-1.27	-0.33	-3.71	1.75	0.26	1.58	-1.66	-0.14
292	-2.71	3.37	0.52	1.28	1.79	0.52	0.31	1.48	0.46	-0.30	-1.17	-0.33	-3.71	1.74	0.23	1.44	-1.68	-0.16
293	-2.48	3.20	0.49	1.35	1.87	0.54	0.52	1.43	0.45	-0.40	-1.06	-0.31	-3.76	1.72	0.21	1.31	-1.73	-0.18
294	-2.30	3.04	0.45	1.36	2.00	0.57	0.66	1.44	0.44	-0.60	-0.89	-0.29	-3.84	1.71	0.19	1.10	-1.73	-0.19
295	-2.13	2.88	0.42	1.38	2.09	0.59	0.74	1.46	0.44	-0.71	-0.76	-0.27	-3.77	1.66	0.17	0.92	-1.75	-0.21
296	-1.96	2.71	0.39	1.41	2.16	0.60	0.80	1.50	0.43	-0.87	-0.59	-0.23	-3.82	1.64	0.16	0.69	-1.76	-0.23
297	-1.88	2.57	0.37	1.44	2.23	0.62	0.79	1.57	0.42	-0.96	-0.46	-0.20	-3.78	1.58	0.14	0.50	-1.75	-0.25
298	-1.71	2.41	0.34	1.43	2.33	0.64	0.69	1.67	0.42	-1.10	-0.30	-0.17	-3.73	1.53	0.13	0.17	-1.71	-0.26
299	-1.62	2.28	0.31	1.44	2.37	0.65	0.55	1.77	0.41	-1.19	-0.19	-0.14	-3.71	1.47	0.12	-0.02	-1.71	-0.28
300	-1.55	2.15	0.29	1.43	2.42	0.65	0.39	1.89	0.40	-1.25	-0.06	-0.11	-3.60	1.40	0.11	-0.32	-1.67	-0.30
301	-1.43	2.01	0.26	1.43	2.45	0.66	0.19	2.03	0.39	-1.28	0.02	-0.08	-3.55	1.32	0.11	-0.62	-1.62	-0.31
302	-1.38	1.90	0.24	1.46	2.48	0.66	0.00	2.15	0.37	-1.42	0.11	-0.06	-3.45	1.24	0.10	-0.87	-1.58	-0.33
303	-1.33	1.79	0.23	1.47	2.48	0.66	-0.31	2.32	0.37	-1.38	0.17	-0.03	-3.38	1.16	0.10	-1.19	-1.53	-0.34
304	-1.32	1.70	0.21	1.42	2.48	0.65	-0.49	2.46	0.36	-1.49	0.23	-0.02	-3.23	1.07	0.10	-1.44	-1.47	-0.35
305	-1.21	1.60	0.20	1.49	2.48	0.65	-0.78	2.63	0.35	-1.46	0.25	-0.00	-3.13	0.99	0.10	-1.72	-1.43	-0.37
306	-1.20	1.53	0.19	1.48	2.45	0.64	-1.01	2.78	0.34	-1.46	0.29	0.01	-2.99	0.91	0.10	-1.93	-1.39	-0.37
307	-1.13	1.47	0.18	1.45	2.42	0.63	-1.30	2.96	0.34	-1.59	0.31	0.01	-2.87	0.83	0.10	-2.16	-1.35	-0.38
308	-1.17	1.40	0.17	1.43	2.39	0.61	-1.41	3.09	0.34	-1.49	0.32	0.03	-2.71	0.76	0.10	-2.41	-1.27	-0.39
309	-1.08	1.35	0.17	1.47	2.33	0.60	-1.66	3.26	0.35	-1.63	0.35	0.02	-2.59	0.69	0.11	-2.52	-1.27	-0.40
310	-1.09	1.30	0.17	1.42	2.28	0.58	-1.81	3.40	0.35	-1.60	0.34	0.02	-2.44	0.63	0.11	-2.70	-1.21	-0.40
311	-1.03	1.26	0.16	1.42	2.21	0.56	-2.02	3.53	0.36	-1.69	0.39	0.02	-2.29	0.58	0.11	-2.81	-1.19	-0.41
312	-1.08	1.23	0.16	1.36	2.13	0.54	-2.03	3.62	0.37	-1.73	0.40	0.01	-2.13	0.54	0.11	-2.92	-1.16	-0.41
313	-0.99	1.19	0.16	1.39	2.06	0.52	-2.19	3.72	0.39	-1.74	0.43	0.01	-2.02	0.52	0.12	-2.97	-1.13	-0.41
314	-1.03	1.16	0.16	1.27	2.00	0.49	-2.20	3.78	0.40	-1.82	0.45	-0.00	-1.88	0.51	0.12	-2.99	-1.12	-0.41
315	-1.01	1.13	0.16	1.28	1.89	0.46	-2.28	3.83	0.42	-1.80	0.48	-0.01	-1.75	0.52	0.13	-3.02	-1.10	-0.41
316	-0.97	1.10	0.16	1.24	1.81	0.43	-2.22	3.83	0.43	-1.88	0.53	-0.02	-1.63	0.53	0.13	-2.99	-1.08	-0.40
317	-1.02	1.08	0.16	1.16	1.73	0.40	-2.25	3.82	0.45	-1.86	0.56	-0.03	-1.50	0.55	0.13	-2.99	-1.05	-0.39
318	-0.98	1.04	0.15	1.14	1.64	0.37	-2.13	3.77	0.47	-1.84	0.58	-0.04	-1.43	0.59	0.13	-2.95	-1.03	-0.38
319	-1.01	1.01	0.15	1.09	1.55	0.34	-2.05	3.70	0.48	-1.78	0.63	-0.05	-1.28	0.63	0.13	-2.87	-1.01	-0.37
320	-1.01	0.97	0.15	1.08	1.47	0.31	-1.95	3.60	0.50	-1.76	0.67	-0.06	-1.20	0.68	0.13	-2.84	-0.97	-0.36
321	-1.00	0.92	0.14	1.00	1.39	0.27	-1.78	3.49	0.51	-1.66	0.71	-0.06	-1.09	0.72	0.13	-2.73	-0.93	-0.34
322	-1.06	0.89	0.13	1.05	1.29	0.24	-1.63	3.35	0.52	-1.56	0.72	-0.07	-1.01	0.78	0.13	-2.69	-0.88	-0.33
323	-1.03	0.83	0.12	0.98	1.23	0.21	-1.43	3.20	0.53	-1.49	0.77	-0.08	-0.90	0.81	0.13	-2.57	-0.83	-0.31
324	-1.07	0.78	0.12	0.95	1.17	0.18	-1.28	3.04	0.54	-1.34	0.78	-0.08	-0.86	0.87	0.12	-2.47	-0.76	-0.28
325	-1.05	0.72	0.11	0.95	1.09	0.15	-1.06	2.86	0.55	-1.23	0.81	-0.09	-0.73	0.90	0.11	-2.42	-0.69	-0.27
326	-1.10	0.66	0.10	0.97	1.00	0.13	-0.84	2.68	0.56	-1.15	0.82	-0.09	-0.70	0.95	0.11	-2.26	-0.65	-0.24
327	-1.07	0.60	0.09	0.96	0.95	0.10	-0.69	2.52	0.57	-1.02	0.83	-0.10	-0.59	0.97	0.10	-2.18	-0.56	-0.22
328	-1.13	0.54	0.08	0.95	0.86	0.08	-0.53	2.37	0.58	-0.88	0.82	-0.10	-0.53	1.00	0.09	-2.10	-0.50	-0.20
329	-1.08	0.48	0.07	0.93	0.80	0.05	-0.29	2.21	0.59	-0.82	0.82	-0.10	-0.47	1.01	0.08	-1.96	-0.43	-0.18
330	-1.13	0.44	0.07	0.95	0.72	0.03	-0.23	2.10	0.60	-0.78	0.81	-0.11	-0.34	1.01	0.06	-1.85	-0.36	-0.17
331	-1.09	0.38	0.06	1.00	0.61	0.01	-0.05	1.99	0.61	-0.66	0.77	-0.11	-0.35	1.02	0.05	-1.75	-0.30	-0.15
332	-1.11	0.34	0.06	0.90	0.55	-0.01	0.03	1.89	0.62	-0.67	0.77	-0.11	-0.22	1.00	0.04	-1.59	-0.26	-0.14
333	-1.11	0.31	0.05	0.99	0.44	-0.03	0.15	1.79	0.63	-0.58	0.71	-0.11	-0.20	0.99	0.03	-1.46	-0.22	-0.13
334	-1.08	0.27	0.05	0.98	0.34	-0.04	0.19	1.73	0.64	-0.62	0.67	-0.12	-0.10	0.95	0.02	-1.27	-0.19	-0.12
335	-1.08	0.25	0.05	0.94	0.25	-0.06	0.24	1.66	0.64	-0.62	0.64	-0.12	-0.01	0.90	0.00	-1.11	-0.19	-0.11
336	-1.03	0.22	0.04	1.00	0.10	-0.08	0.34	1.59	0.64	-0.52	0.57	-0.11	0.06	0.85	-0.01	-0.95	-0.19	-0.11
337	-1.01	0.22	0.04	0.98	0.01	-0.09	0.34	1.54	0.64	-0.62	0.54	-0.11	0.13	0.79	-0.02	-0.68	-0.22	-0.10
338	-0.96	0.20	0.03	0.98	-0.11	-0.10	0.34	1.49	0.63	-0.51	0.47	-0.10	0.23	0.70	-0.03	-0.49	-0.26	-0.09
339	-0.90	0.20	0.03	0.99	-0.25	-0.11	0.44	1.42	0.61	-0.57	0.43	-0.09	0.35	0.61	-0.04	-0.25	-0.32	-0.09
340	-0.84	0.20	0.02	1.00	-0.38	-0.13	0.45	1.37	0.59	-0.52	0.37	-0.08	0.47	0.51	-0.05	0.05	-0.41	-0.08
341	-0.71	0.20	0.01	1.02	-0.51	-0.14	0.47	1.31	0.56	-0.52	0.32	-0.07	0.60	0.38	-0.06	0.26	-0.48	-0.07
342	-0.64	0.21	-0.00	0.98	-0.64	-0.15	0.53	1.24	0.53	-0.52	0.27	-0.05	0.70	0.26	-0.07	0.60	-0.59	-0.06
343	-0.51	0.20	-0.02	1.06	-0.79	-0.16	0.55	1.19	0.49	-0.39	0.20	-0.03	0.88	0.11	-0.07	0.85	-0.69	-0.05
344	-0.34	0.20	-0.04	1.09	-0.93	-0.17	0.61	1.12	0.45	-0.46	0.18	-0.02	0.98	-0.04	-0.08	1.15	-0.81	-0.03
345	-0.22	0.19	-0.06	1.09	-1.07	-0.18	0.64	1.07	0.40	-0.37	0.12	-0.00	1.17	-0.20	-0.09	1.43	-0.90	-0.01
346	-0.05	0.18	-0.08	1.14	-1.22	-0.19	0.70	1.01	0.36	-0.33	0.08	0.02	1.37	-0.38	-0.10	1.69	-1.01	0.01
347	0.18	0.12	-0.10	1.22	-1.39	-0.19	0.79	0.94	0.30	-0.30	0.03	0.03	1.50	-0.56	-0.11	2.00	-1.10	0.03
348	0.32	0.08	-0.13	1.22	-1.52	-0.20	0.76	0.91	0.26	-0.25	0.00	0.05	1.65	-0.75	-0.11	2.25	-1.18	0.05
349	0.57	-0.01	-0.15	1.33	-1.69	-0.20	0.89	0.83	0.20	-0.19	-0.03	0.07	1.84	-0.94	-0.12	2.52	-1.25	0.08
350	0.75	-0.08	-0.17	1.40	-1.84	-0.21	0.92	0.80	0.15	-0.17	-0.05	0.08	2.02	-1.15	-0.13	2.77	-1.33	0.10
351	1.00	-0.18	-0.20	1.47	-2.00	-0.21	0.99	0.75	0.10	-0.10	-0.07	0.10	2.22	-1.35	-0.14	3.01	-1.36	0.13
352	1.26	-0.29	-0.22	1.56	-2.19	-0.21	1.02	0.71	0.05	-0.12	-0.06	0.11	2.28	-1.54	-0.15	3.23	-1.41	0.15
353	1.46	-0.40	-0.24	1.60	-2.34	-0.21	1.05	0.67	0.01	-0.03	-0.08	0.13	2.47	-1.76	-0.17	3.44	-1.43	0.18
354	1.73	-0.53	-0.25	1.70	-2.52	-0.21	1.11	0.63	-0.04	0.01	-0.05	0.14	2.61	-1.97	-0.18	3.72	-1.46	0.20
355	1.94	-0.66	-0.26	1.84	-2.72	-0.21	1.17	0.58	-0.08	-0.02	-0.03	0.15	2.63	-2.15	-0.19	3.86	-1.49	0.22
356	2.25	-0.81	-0.27	1.86	-2.88	-0.20	1.15	0.56	-0.12	0.10	0.01	0.17	2.75	-2.37	-0.20	4.08	-1.51	0.24
357	2.45	-0.95	-0.28	1.96	-3.07	-0.19	1.20	0.51	-0.16	0.07	0.06	0.17	2.79	-2.57	-0.21	4.24	-1.53	0.25
358	2.67	-1.11	-0.28	2.05	-3.23	-0.18	1.20	0.48	-0.19	0.17	0.10	0.19	2.72	-2.73	-0.21	4.41	-1.54	0.26
359	2.91	-1.27	-0.29	2.11	-3.41	-0.17	1.20	0.44	-0.22	0.17	0.17	0.20	2.73	-2.92	-0.21	4.56	-1.58	0.26
360	3.09	-1.44	-0.28	2.16	-3.57	-0.15	1.17	0.40	-0.25	0.26	0.22	0.21	2.62	-3.07	-0.21	4.61	-1.58	0.25
361	3.25	-1.60	-0.28	2.25	-3.71	-0.13	1.23	0.35	-0.27	0.30	0.29	0.21	2.43	-3.18	-0.20	4.68	-1.61	0.25
362	3.39	-1.77	-0.27	2.22	-3.84	-0.11	1.16	0.31	-0.29	0.36	0.35	0.22	2.29	-3.29	-0.19	4.69	-1.60	0.23
363	3.45	-1.92	-0.26	2.23	-3.95	-0.08	1.16	0.26	-0.30	0.46	0.39	0.23	2.00	-3.34	-0.16	4.58	-1.60	0.21
364	3.52	-2.08	-0.25	2.19	-4.04	-0.06	1.19	0.18	-0.31	0.47	0.44	0.23	1.68	-3.35	-0.13	4.42	-1.57	0.18
365	3.45	-2.22	-0.23	2.14	-4.11	-0.03	1.12	0.11	-0.32	0.62	0.46	0.23	1.31	-3.33	-0.10	4.20	-1.50	0.14
366	3.37	-2.35	-0.21	1.96	-4.13	-0.01	1.17	0.01	-0.33	0.64	0.49	0.23	0.84	-3.24	-0.05	3.77	-1.40	0.10
367	3.18	-2.44	-0.19	1.78	-4.15	0.01	1.13	-0.08	-0.33	0.70	0.48	0.23	0.24	-3.09	-0.00	3.27	-1.26	0.05
368	2.88	-2.52	-0.16	1.48	-4.11	0.03	1.22	-0.21	-0.33	0.82	0.45	0.22	-0.29	-2.91	0.05	2.61	-1.04	-0.02
369	2.61	-2.58	-0.13	1.15	-4.05	0.05	1.22	-0.33	-0.33	0.87	0.42	0.22	-1.11	-2.63	0.11	1.75	-0.76	-0.09
370	2.07	-2.58	-0.10	0.67	-3.92	0.06	1.27	-0.46	-0.33	0.95	0.35	0.20	-1.92	-2.32	0.16	0.76	-0.40	-0.17
371	1.57	-2.57	-0.06	0.12	-3.74	0.07	1.33	-0.62	-0.33	0.99	0.27	0.19	-2.89	-1.93	0.21	-0.52	0.05	-0.28
372	0.89	-2.49	-0.02	-0.57	-3.49	0.07	1.39	-0.76	-0.33	1.15	0.19	0.18	-3.99	-1.47	0.25	-1.92	0.61	-0.40
373	0.14	-2.38	0.03	-1.35	-3.19	0.06	1.50	-0.92	-0.33	1.14	0.06	0.16	-5.20	-0.96	0.28	-3.56	1.24	-0.53
374	-0.72	-2.19	0.08	-2.32	-2.78	0.05	1.52	-1.06	-0.32	1.25	-0.06	0.14	-6.57	-0.37	0.29	-5.45	1.99	-0.70
375	-1.72	-1.95	0.12	-3.34	-2.30	0.03	1.70	-1.24	-0.32	1.38	-0.20	0.12	-7.98	0.25	0.27	-7.49	2.80	-0.89
376	-2.78	-1.65	0.17	-4.61	-1.73	-0.00	1.75	-1.37	-0.31	1.39	-0.34	0.10	-9.61	0.95	0.23	-9.74	3.70	-1.11
377	-4.01	-1.27	0.20	-5.85	-1.09	-0.05	1.78	-1.50	-0.31	1.52	-0.49	0.08	-11.24	1.67	0.15	-12.13	4.64	-1.36
378	-5.33	-0.83	0.23	-7.36	-0.32	-0.11	1.94	-1.65	-0.30	1.58	-0.65	0.05	-12.99	2.42	0.03	-14.59	5.59	-1.63
379	-6.72	-0.32	0.24	-8.94	0.50	-0.19	1.93	-1.74	-0.29	1.67	-0.80	0.03	-14.67	3.15	-0.12	-17.13	6.52	-1.92
380	-8.31	0.25	0.24	-10.55	1.40	-0.28	2.02	-1.85	-0.28	1.80	-0.96	0.00	-16.35	3.87	-0.31	-19.64	7.42	-2.24
381	-9.90	0.87	0.21	-12.38	2.38	-0.41	1.99	-1.91	-0.26	1.85	-1.10	-0.02	-17.84	4.53	-0.54	-22.04	8.22	-2.56
382	-11.62	1.53	0.16	-14.16	3.39	-0.56	2.04	-1.98	-0.24	1.87	-1.22	-0.05	-31.62	-0.52	-2.93	-24.14	8.90	-2.88
383	-13.43	2.23	0.08	-16.02	4.42	-0.74	1.98	-2.00	-0.22	2.03	-1.35	-0.07	-32.31	-0.23	-3.00	53.10	-31.17	1.65
384	-15.22	2.93	-0.03	-17.87	5.45	-0.95	1.87	-2.00	-0.19	1.97	-1.46	-0.10	-31.01	0.07	-2.98	54.99	-32.34	2.21
385	-17.14	3.65	-0.17	-19.58	6.42	-1.17	1.81	-2.00	-0.16	2.03	-1.54	-0.12	-27.58	0.40	-2.89	56.47	-33.17	2.80
386	-18.83	4.31	-0.34	-21.23	7.32	-1.42	1.61	-1.96	-0.12	1.94	-1.59	-0.15	-22.02	0.75	-2.75	57.62	-33.72	3.42
387	-20.56	4.95	-0.52	-22.66	8.11	-1.69	1.40	-1.90	-0.07	1.88	-1.63	-0.17	-14.53	1.13	-2.59	58.36	-33.99	4.05
388	-22.16	5.52	-0.72	-35.16	-48.91	-7.20	1.11	-1.81	-0.03	1.64	-1.61	-0.20	-5.28	1.53	-2.46	59.08	-34.07	4.70
389	-16.67	-0.36	-3.00	-34.95	-49.06	-6.01	0.75	-1.71	0.03	1.38	-1.56	-0.23	5.28	1.97	-2.39	59.62	-33.99	5.34
390	-17.07	-0.94	-3.24	-33.33	-48.43	-4.68	0.28	-1.56	0.09	0.97	-1.47	-0.25	16.94	2.41	-2.40	60.07	-33.84	5.97
391	-16.23	-1.66	-3.34	-29.97	-47.13	-3.30	-0.24	-1.38	0.15	0.39	-1.33	-0.28	29.16	2.88	-2.54	60.55	-33.65	6.61
392	-13.86	-2.49	-3.32	-25.36	-45.25	-1.94	-0.90	-1.17	0.21	-0.28	-1.12	-0.31	41.85	3.30	-2.78	61.07	-33.43	7.24
393	-10.13	-3.40	-3.17	-19.30	-42.97	-0.68	-1.67	-0.91	0.27	-1.21	-0.87	-0.35	54.58	3.66	-3.11	61.73	-33.21	7.87
394	-4.96	-4.35	-2.90	-12.24	-40.46	0.43	-2.55	-0.62	0.33	-2.26	-0.54	-0.39	67.15	3.89	-3.49	62.56	-32.98	8.51
395	1.58	-5.32	-2.56	-4.40	-37.86	1.34	-3.59	-0.28	0.39	-3.52	-0.17	-0.44	79.34	3.97	-3.90	63.62	-32.74	9.15
396	9.17	-6.25	-2.16	3.87	-35.33	2.07	-4.75	0.12	0.44	-5.05	0.28	-0.50	90.80	3.89	-4.30	64.94	-32.52	9.82
397	17.73	-7.13	-1.75	12.42	-32.96	2.62	-6.04	0.55	0.48	-6.72	0.78	-0.57	101.45	3.65	-4.67	66.46	-32.29	10.50
398	26.96	-7.90	-1.36	20.92	-30.82	3.03	-7.52	1.06	0.51	-8.60	1.31	-0.64	111.00	3.28	-5.03	68.12	-32.09	11.20
399	36.73	-8.60	-1.01	29.37	-28.96	3.36	-9.02	1.59	0.52	-10.72	1.88	-0.74	119.30	2.78	-5.37	69.87	-31.87	11.89
400	46.88	-9.20	-0.70	37.52	-27.39	3.63	-10.78	2.21	0.51	-12.91	2.45	-0.83	126.35	2.18	-5.67	71.55	-31.65	12.57
401	57.16	-9.73	-0.44	45.30	-26.15	3.91	-12.52	2.85	0.47	-15.31	3.04	-0.95	132.06	1.49	-5.91	73.12	-31.42	13.22
402	67.48	-10.22	-0.20	52.56	-25.22	4.23	-14.39	3.55	0.40	-17.81	3.60	-1.07	136.41	0.76	-6.13	74.61	-31.18	13.83
403	77.52	-10.65	0.02	59.13	-24.54	4.61	-16.24	4.28	0.29	-20.18	4.08	-1.18	139.49	-0.02	-6.27	75.76	-30.91	14.40
404	87.15	-11.04	0.20	65.06	-24.10	5.07	-18.15	5.05	0.15	-22.67	4.54	-1.30	141.39	-0.79	-6.36	76.72	-30.60	14.90
405	96.14	-11.38	0.36	70.15	-23.87	5.63	-19.96	5.80	-0.03	-24.86	4.86	-1.40	142.15	-1.53	-6.40	77.39	-30.27	15.37
406	104.19	-11.65	0.47	74.29	-23.75	6.27	-21.60	6.52	-0.25	-26.78	5.08	-1.48	141.97	-2.23	-6.38	77.81	-29.88	15.76
407	111.34	-11.87	0.54	77.58	-23.74	7.00	-23.12	7.20	-0.50	49.94	-30.46	-1.08	140.99	-2.85	-6.32	77.98	-29.47	16.11
408	117.26	-12.01	0.56	79.99	-23.74	7.78	10.28	6.24	1.79	52.39	-30.61	-0.55	139.40	-3.39	-6.21	77.88	-29.00	16.39
409	122.00	-12.10	0.53	81.50	-23.75	8.63	11.75	7.01	1.44	54.66	-30.37	-0.01	137.17	-3.82	-6.09	77.65	-28.51	16.66
410	125.49	-12.10	0.45	82.25	-23.72	9.49	13.49	7.44	1.03	56.92	-29.74	0.50	134.77	-4.18	-5.90	77.27	-28.00	16.88
411	127.87	-12.03	0.31	82.31	-23.61	10.33	15.66	7.48	0.59	59.18	-28.82	0.96	131.98	-4.41	-5.72	76.77	-27.47	17.10
412	129.15	-11.87	0.13	81.76	-23.42	11.15	18.11	7.15	0.17	61.48	-27.75	1.37	129.08	-4.57	-5.50	76.24	-26.96	17.31
413	129.48	-11.62	-0.10	80.74	-23.12	11.90	20.99	6.45	-0.19	63.91	-26.62	1.70	126.17	-4.65	-5.24	75.63	-26.45	17.54
414	129.06	-11.29	-0.36	79.32	-22.75	12.57	24.36	5.43	-0.46	66.42	-25.55	1.97	123.20	-4.65	-4.98	74.95	-25.96	17.80
415	128.10	-10.90	-0.63	77.69	-22.29	13.12	28.08	4.19	-0.62	68.84	-24.62	2.19	120.33	-4.60	-4.68	74.38	-25.52	18.10
416	126.62	-10.43	-0.92	75.75	-21.78	13.57	32.13	2.77	-0.65	71.47	-23.91	2.38	117.50	-4.49	-4.38	73.65	-25.08	18.44
417	124.89	-9.93	-1.18	73.86	-21.25	13.93	36.49	1.28	-0.58	74.08	-23.41	2.56	114.84	-4.35	-4.06	73.03	-24.68	18.85
418	122.96	-9.38	-1.44	71.82	-20.69	14.16	41.14	-0.26	-0.40	76.81	-23.18	2.76	112.28	-4.18	-3.73	72.31	-24.30	19.30
419	120.87	-8.79	-1.67	69.84	-20.17	14.33	45.91	-1.81	-0.13	79.54	-23.24	3.03	109.92	-3.99	-3.39	71.62	-23.93	19.80
420	118.77	-8.19	-1.86	67.91	-19.67	14.42	50.96	-3.35	0.24	82.22	-23.56	3.36	107.71	-3.80	-3.02	70.92	-23.58	20.34
421	116.63	-7.55	-2.02	65.91	-19.22	14.45	56.02	-4.85	0.71	84.80	-24.14	3.78	105.73	-3.62	-2.63	70.18	-23.21	20.91
422	114.45	-6.90	-2.12	64.10	-18.80	14.43	61.06	-6.28	1.26	87.10	-24.92	4.26	103.88	-3.42	-2.23	69.49	-22.86	21.53
423	112.24	-6.24	-2.18	62.23	-18.45	14.37	65.96	-7.62	1.88	89.04	-25.87	4.82	102.34	-3.26	-1.76	68.71	-22.49	22.17
424	110.10	-5.59	-2.17	60.45	-18.13	14.28	70.66	-8.82	2.52	90.63	-26.92	5.42	100.89	-3.10	-1.26	68.03	-22.11	22.86
425	107.93	-4.94	-2.12	58.65	-17.86	14.16	75.03	-9.85	3.14	91.69	-28.01	6.05	99.71	-2.95	-0.71	67.34	-21.71	23.56
426	105.86	-4.31	-2.03	56.94	-17.61	14.03	78.95	-10.70	3.73	92.27	-29.09	6.69	98.74	-2.83	-0.09	66.65	-21.29	24.33
427	103.78	-3.69	-1.93	55.16	-17.39	13.89	82.34	-11.36	4.24	92.42	-30.09	7.31	97.94	-2.72	0.57	66.05	-20.86	25.14
428	101.90	-3.12	-1.78	53.50	-17.18	13.75	85.26	-11.84	4.67	92.12	-30.95	7.89	97.33	-2.63	1.29	65.48	-20.40	25.97
429	99.98	-2.57	-1.63	51.79	-16.98	13.62	87.53	-12.15	5.03	91.48	-31.63	8.38	96.92	-2.55	2.07	64.95	-19.93	26.89
430	98.27	-2.10	-1.42	50.17	-16.77	13.49	89.31	-12.31	5.30	90.44	-32.11	8.78	96.65	-2.49	2.90	64.46	-19.42	27.80
431	96.58	-1.65	-1.20	48.53	-16.57	13.42	90.47	-12.32	5.51	89.24	-32.40	9.08	96.57	-2.43	3.79	64.07	-18.90	28.78
432	95.05	-1.27	-0.93	47.01	-16.36	13.36	91.25	-12.24	5.68	87.90	-32.48	9.26	96.55	-2.37	4.74	63.67	-18.34	29.76
433	93.67	-0.95	-0.63	45.50	-16.15	13.38	91.61	-12.06	5.82	86.39	-32.40	9.36	96.74	-2.32	5.74	63.40	-17.76	30.77
434	92.42	-0.69	-0.29	44.15	-15.94	13.46	91.61	-11.80	5.95	84.95	-32.16	9.34	96.99	-2.26	6.79	63.13	-17.15	31.78
435	91.35	-0.49	0.08	42.75	-15.73	13.60	91.38	-11.49	6.09	83.46	-31.79	9.26	97.36	-2.18	7.89	62.93	-16.52	32.78
436	90.35	-0.36	0.51	41.62	-15.55	13.85	91.02	-11.13	6.25	82.08	-31.33	9.12	97.82	-2.08	9.02	62.80	-15.86	33.78
437	89.53	-0.30	0.99	40.51	-15.37	14.14	90.45	-10.73	6.45	80.72	-30.81	8.96	98.37	-1.96	10.18	62.70	-15.18	34.75
438	88.78	-0.30	1.54	39.50	-15.21	14.53	89.85	-10.31	6.71	79.37	-30.22	8.79	98.99	-1.80	11.36	62.68	-14.49	35.70
439	88.13	-0.36	2.15	38.67	-15.07	15.01	89.23	-9.87	7.04	78.15	-29.61	8.63	99.67	-1.61	12.54	62.65	-13.77	36.62
440	87.60	-0.49	2.83	37.94	-14.95	15.54	88.50	-9.40	7.40	76.88	-29.00	8.54	100.46	-1.38	13.74	62.77	-13.06	37.52
441	87.16	-0.67	3.56	37.33	-14.85	16.16	87.88	-8.92	7.85	75.71	-28.38	8.49	101.25	-1.10	14.91	62.88	-12.34	38.39
442	86.78	-0.88	4.34	36.82	-14.76	16.83	87.13	-8.41	8.33	74.52	-27.76	8.52	102.16	-0.79	16.08	63.06	-11.62	39.24
443	86.53	-1.13	5.18	36.47	-14.69	17.53	86.54	-7.90	8.87	73.30	-27.16	8.63	103.16	-0.44	17.23	63.30	-10.91	40.08
444	86.34	-1.39	6.04	36.18	-14.63	18.31	85.92	-7.37	9.44	72.14	-26.57	8.81	104.14	-0.05	18.34	63.59	-10.21	40.90
445	86.18	-1.67	6.96	36.00	-14.57	19.07	85.44	-6.85	10.04	71.00	-26.00	9.07	105.22	0.38	19.43	63.95	-9.52	41.72
446	86.08	-1.95	7.92	35.98	-14.53	19.89	84.99	-6.31	10.65	69.79	-25.44	9.41	106.32	0.84	20.50	64.32	-8.84	42.50
447	86.05	-2.23	8.92	36.03	-14.48	20.69	84.68	-5.79	11.29	68.79	-24.90	9.81	107.45	1.33	21.54	64.76	-8.17	43.28
448	85.97	-2.49	9.94	36.16	-14.44	21.51	84.48	-5.28	11.92	67.74	-24.37	10.26	108.54	1.85	22.52	65.23	-7.52	44.05
449	85.98	-2.74	11.00	36.39	-14.40	22.34	84.40	-4.78	12.58	66.76	-23.83	10.76	109.75	2.38	23.50	65.72	-6.88	44.79
450	85.96	-2.95	12.07	36.72	-14.36	23.17	84.43	-4.30	13.21	65.86	-23.31	11.31	110.85	2.93	24.40	66.27	-6.25	45.55
451	85.99	-3.14	13.17	37.15	-14.32	23.97	84.62	-3.85	13.86	65.02	-22.78	11.89	111.98	3.48	25.27	66.84	-5.63	46.25
452	85.98	-3.30	14.26	37.61	-14.26	24.77	84.90	-3.42	14.49	64.17	-22.25	12.51	113.07	4.02	26.08	67.40	-5.02	46.96
453	85.93	-3.42	15.35	38.13	-14.19	25.51	85.37	-3.03	15.12	63.46	-21.72	13.16	114.18	4.56	26.84	68.03	-4.43	47.67
454	85.85	-3.51	16.40	38.73	-14.11	26.27	85.90	-2.65	15.73	62.75	-21.18	13.84	115.26	5.08	27.55	68.62	-3.84	48.33
455	85.83	-3.58	17.46	39.37	-14.02	26.96	86.61	-2.31	16.33	62.08	-20.65	14.55	116.34	5.58	28.21	69.27	-3.26	48.98
456	85.73	-3.62	18.46	40.04	-13.91	27.63	87.42	-2.00	16.91	61.49	-20.12	15.28	117.38	6.06	28.81	69.90	-2.69	49.63
457	85.61	-3.65	19.41	40.76	-13.80	28.25	88.31	-1.72	17.47	60.99	-19.61	16.07	118.43	6.51	29.38	70.47	-2.12	50.19
458	85.51	-3.67	20.32	41.46	-13.67	28.84	89.30	-1.46	18.01	60.51	-19.10	16.88	119.44	6.93	29.88	71.10	-1.57	50.76
459	85.38	-3.68	21.17	42.25	-13.54	29.37	90.41	-1.24	18.57	60.10	-18.62	17.76	120.45	7.33	30.36	71.67	-1.03	51.29
460	85.32	-3.71	21.99	43.02	-13.41	29.89	91.50	-1.02	19.11	59.75	-18.15	18.67	121.40	7.70	30.78	72.25	-0.51	51.79
461	85.19	-3.74	22.73	43.79	-13.26	30.35	92.76	-0.84	19.66	59.49	-17.70	19.62	122.41	8.03	31.20	72.81	-0.00	52.29
462	85.16	-3.79	23.44	44.60	-13.12	30.80	93.98	-0.65	20.21	59.28	-17.27	20.66	123.29	8.34	31.55	73.27	0.49	52.76
463	85.08	-3.85	24.07	45.35	-12.97	31.21	95.27	-0.46	20.79	59.15	-16.85	21.71	124.14	8.63	31.87	73.79	0.96	53.22
464	85.06	-3.94	24.66	46.18	-12.83	31.60	96.60	-0.27	21.41	59.08	-16.46	22.85	125.00	8.89	32.19	74.26	1.41	53.67
465	85.07	-4.05	25.18	46.95	-12.68	31.97	97.86	-0.04	22.02	59.14	-16.07	24.04	125.76	9.13	32.47	74.69	1.84	54.10
466	85.13	-4.19	25.67	47.71	-12.54	32.31	99.17	0.21	22.65	59.25	-15.70	25.27	126.44	9.36	32.72	75.05	2.24	54.49
467	85.15	-4.33	26.08	48.50	-12.40	32.65	100.46	0.49	23.28	59.44	-15.33	26.55	127.10	9.56	32.96	75.43	2.62	54.88
468	85.30	-4.51	26.46	49.26	-12.26	32.97	101.75	0.81	23.91	59.71	-14.96	27.89	127.74	9.74	33.19	75.74	2.96	55.22
469	85.39	-4.68	26.78	50.04	-12.14	33.30	103.01	1.16	24.51	60.13	-14.59	29.26	128.18	9.91	33.38	75.99	3.29	55.55
470	85.57	-4.87	27.06	50.75	-12.01	33.61	104.31	1.54	25.13	60.50	-14.19	30.65	128.67	10.05	33.57	76.26	3.57	55.82
471	85.79	-5.06	27.32	51.53	-11.89	33.95	105.52	1.95	25.68	61.10	-13.81	32.11	129.02	10.18	33.73	76.41	3.84	56.08
472	85.99	-5.21	27.53	52.21	-11.77	34.28	106.79	2.38	26.24	61.64	-13.39	33.54	129.32	10.29	33.88	76.53	4.08	56.29
473	86.22	-5.33	27.72	52.99	-11.66	34.62	108.01	2.83	26.76	62.32	-12.97	34.99	129.54	10.39	34.02	76.67	4.29	56.47
474	86.47	-5.41	27.93	53.65	-11.55	34.97	109.16	3.29	27.22	63.12	-12.53	36.47	129.65	10.46	34.14	76.64	4.47	56.58
475	86.69	-5.41	28.13	54.31	-11.44	35.30	110.34	3.75	27.66	63.92	-12.08	37.89	129.72	10.52	34.26	76.70	4.62	56.67
476	86.89	-5.34	28.35	55.03	-11.35	35.67	111.46	4.21	28.07	64.88	-11.63	39.34	129.69	10.56	34.37	76.61	4.75	56.71
477	87.10	-5.19	28.59	55.60	-11.24	36.01	112.54	4.66	28.46	65.82	-11.17	40.73	129.54	10.57	34.46	76.47	4.85	56.69
478	87.23	-4.96	28.84	56.28	-11.16	36.38	113.59	5.10	28.84	66.84	-10.71	42.07	129.38	10.57	34.57	76.35	4.91	56.63
479	87.41	-4.66	29.12	56.82	-11.07	36.72	114.56	5.53	29.20	67.93	-10.26	43.40	129.12	10.54	34.65	76.07	4.96	56.52
480	87.51	-4.28	29.42	57.36	-10.99	37.06	115.59	5.92	29.57	68.99	-9.82	44.64	128.71	10.50	34.72	75.81	4.98	56.34
481	87.54	-3.85	29.71	57.90	-10.91	37.40	116.53	6.31	29.93	70.16	-9.40	45.88	128.31	10.43	34.79	75.49	4.97	56.13
482	87.64	-3.41	30.01	58.40	-10.85	37.71	117.47	6.66	30.30	71.26	-8.99	47.03	127.80	10.33	34.84	75.09	4.94	55.86
483	87.63	-2.93	30.27	58.81	-10.78	38.01	118.30	6.99	30.64	72.40	-8.62	48.14	127.19	10.21	34.88	74.64	4.88	55.54
484	87.62	-2.47	30.49	59.24	-10.73	38.31	119.18	7.29	31.01	73.50	-8.28	49.20	126.53	10.06	34.90	74.17	4.80	55.17
485	87.62	-2.03	30.70	59.56	-10.68	38.57	119.97	7.56	31.36	74.60	-7.98	50.20	125.80	9.89	34.92	73.62	4.69	54.74
486	87.53	-1.61	30.87	59.94	-10.66	38.80	120.64	7.80	31.67	75.63	-7.72	51.15	125.01	9.68	34.92	73.04	4.56	54.28
487	87.39	-1.22	31.01	60.22	-10.63	39.02	121.37	8.01	32.02	76.66	-7.50	52.05	124.09	9.45	34.87	72.37	4.41	53.76
488	87.28	-0.89	31.15	60.43	-10.61	39.22	121.95	8.19	32.31	77.58	-7.33	52.90	123.20	9.18	34.84	71.74	4.23	53.23
489	87.10	-0.61	31.25	60.65	-10.61	39.36	122.47	8.35	32.59	78.46	-7.19	53.71	122.14	8.88	34.76	71.01	4.03	52.62
490	86.81	-0.38	31.33	60.78	-10.61	39.50	122.95	8.47	32.86	79.29	-7.10	54.47	121.14	8.55	34.69	70.24	3.81	52.00
491	86.52	-0.21	31.42	60.92	-10.62	39.61	123.27	8.57	33.08	79.97	-7.05	55.17	119.96	8.19	34.56	69.47	3.57	51.34
492	86.18	-0.11	31.48	60.93	-10.64	39.66	123.64	8.63	33.32	80.64	-7.04	55.83	118.80	7.80	34.43	68.63	3.31	50.65
493	85.78	-0.07	31.54	60.98	-10.67	39.71	123.82	8.67	33.49	81.17	-7.05	56.46	117.53	7.37	34.26	67.77	3.04	49.93
494	85.29	-0.10	31.55	60.99	-10.71	39.72	124.00	8.68	33.65	81.65	-7.11	57.02	116.27	6.91	34.08	66.88	2.74	49.19
495	84.80	-0.21	31.57	60.87	-10.75	39.70	124.02	8.67	33.76	81.97	-7.18	57.54	114.91	6.43	33.87	66.00	2.43	48.45
496	84.14	-0.38	31.53	60.77	-10.80	39.63	124.02	8.63	33.85	82.27	-7.29	58.01	113.51	5.92	33.64	65.03	2.11	47.67
497	83.53	-0.62	31.50	60.65	-10.86	39.57	123.93	8.56	33.90	82.42	-7.41	58.44	112.12	5.38	33.39	64.08	1.77	46.88
498	82.81	-0.92	31.42	60.44	-10.92	39.44	123.68	8.48	33.89	82.49	-7.55	58.80	110.64	4.82	33.11	63.17	1.43	46.13
499	82.10	-1.30	31.32	60.20	-10.99	39.30	123.43	8.37	33.86	82.43	-7.70	59.12	109.19	4.24	32.81	62.15	1.07	45.32
500	81.28	-1.72	31.17	59.95	-11.06	39.13	123.06	8.24	33.79	82.33	-7.87	59.38	107.66	3.66	32.48	61.18	0.71	44.57
501	80.51	-2.21	31.03	59.66	-11.14	38.93	122.59	8.10	33.66	82.06	-8.04	59.57	106.17	3.06	32.13	60.16	0.34	43.77
502	79.68	-2.75	30.83	59.27	-11.22	38.69	122.08	7.94	33.50	81.74	-8.22	59.71	104.63	2.47	31.75	59.16	-0.05	43.00
503	78.77	-3.32	30.59	58.89	-11.31	38.45	121.44	7.77	33.30	81.27	-8.40	59.78	103.14	1.88	31.35	58.19	-0.43	42.24
504	77.99	-3.95	30.36	58.54	-11.41	38.17	120.76	7.59	33.05	80.75	-8.58	59.80	101.62	1.31	30.93	57.19	-0.83	41.47
505	77.07	-4.57	30.04	58.02	-11.50	37.86	119.95	7.39	32.76	80.06	-8.76	59.72	100.09	0.77	30.49	56.18	-1.23	40.72
506	76.22	-5.23	29.73	57.57	-11.59	37.54	119.13	7.18	32.44	79.35	-8.95	59.58	98.60	0.26	30.06	55.24	-1.63	39.98
507	75.33	-5.88	29.36	57.06	-11.69	37.19	118.18	6.98	32.08	78.50	-9.12	59.38	97.09	-0.21	29.61	54.20	-2.04	39.24
508	74.47	-6.52	28.96	56.52	-11.79	36.82	117.24	6.76	31.70	77.54	-9.29	59.10	95.58	-0.63	29.16	53.29	-2.45	38.53
509	73.57	-7.11	28.56	55.97	-11.90	36.43	116.16	6.55	31.27	76.53	-9.46	58.75	94.13	-1.00	28.74	52.36	-2.87	37.82
510	72.68	-7.66	28.16	55.35	-12.00	36.03	115.10	6.32	30.83	75.42	-9.63	58.31	92.64	-1.32	28.30	51.48	-3.30	37.14
511	71.74	-8.14	27.76	54.79	-12.11	35.61	113.94	6.10	30.36	74.22	-9.78	57.82	91.17	-1.59	27.87	50.62	-3.72	36.46
512	70.82	-8.56	27.36	54.16	-12.21	35.18	112.75	5.88	29.87	72.97	-9.93	57.25	89.71	-1.82	27.45	49.77	-4.15	35.78
513	69.89	-8.90	26.97	53.48	-12.32	34.74	111.55	5.65	29.37	71.60	-10.06	56.61	88.28	-2.00	27.02	48.99	-4.58	35.11
514	68.95	-9.15	26.58	52.87	-12.43	34.30	110.27	5.43	28.84	70.31	-10.21	55.91	86.98	-2.17	26.61	48.26	-5.01	34.48
515	68.05	-9.33	26.20	52.24	-12.54	33.86	108.97	5.20	28.31	68.76	-10.33	55.14	85.57	-2.28	26.16	47.48	-5.44	33.81
516	67.09	-9.42	25.81	51.55	-12.64	33.39	107.69	4.98	27.76	67.35	-10.46	54.32	84.35	-2.39	25.74	46.79	-5.87	33.18
517	66.24	-9.45	25.46	50.89	-12.76	32.95	106.30	4.77	27.20	65.80	-10.57	53.45	83.11	-2.48	25.29	46.09	-6.30	32.55
518	65.32	-9.37	25.09	50.22	-12.87	32.48	104.97	4.55	26.64	64.28	-10.68	52.53	81.90	-2.54	24.84	45.38	-6.72	31.91
519	64.49	-9.24	24.76	49.59	-12.99	32.04	103.59	4.33	26.07	62.69	-10.79	51.57	80.76	-2.60	24.40	44.75	-7.14	31.31
520	63.64	-9.02	24.42	48.92	-13.11	31.57	102.18	4.12	25.49	61.14	-10.90	50.57	79.60	-2.64	23.93	44.01	-7.53	30.67
521	62.82	-8.73	24.12	48.23	-13.23	31.10	100.79	3.91	24.92	59.53	-10.99	49.55	78.54	-2.68	23.47	43.46	-7.93	30.10
522	62.05	-8.38	23.85	47.56	-13.36	30.64	99.34	3.70	24.33	57.98	-11.09	48.49	77.44	-2.70	23.00	42.80	-8.31	29.49
523	61.26	-7.95	23.59	46.95	-13.50	30.18	98.00	3.48	23.77	56.38	-11.19	47.42	76.45	-2.73	22.53	42.15	-8.66	28.89
524	60.50	-7.47	23.37	46.25	-13.63	29.72	96.54	3.27	23.19	54.82	-11.29	46.34	75.43	-2.74	22.06	41.59	-9.01	28.33
525	59.79	-6.95	23.20	45.64	-13.77	29.26	95.19	3.04	22.63	53.31	-11.39	45.26	74.45	-2.75	21.57	40.97	-9.33	27.73
526	59.09	-6.39	23.05	44.96	-13.91	28.81	93.76	2.83	22.05	51.76	-11.48	44.16	73.50	-2.76	21.09	40.46	-9.64	27.18
527	58.39	-5.81	22.93	44.36	-14.07	28.35	92.43	2.59	21.50	50.24	-11.58	43.07	72.56	-2.76	20.60	39.88	-9.92	26.60
528	57.73	-5.23	22.80	43.75	-14.22	27.92	91.04	2.37	20.94	48.83	-11.69	41.99	71.69	-2.76	20.11	39.35	-10.18	26.04
529	57.08	-4.67	22.64	43.11	-14.37	27.47	89.69	2.13	20.38	47.33	-11.80	40.93	70.78	-2.76	19.62	38.84	-10.42	25.49
530	56.48	-4.14	22.44	42.49	-14.52	27.04	88.42	1.88	19.84	45.94	-11.91	39.85	69.93	-2.75	19.12	38.38	-10.63	24.96
531	55.87	-3.63	22.23	41.92	-14.67	26.60	87.08	1.63	19.29	44.51	-12.02	38.81	69.16	-2.75	18.62	37.85	-10.82	24.40
532	55.33	-3.18	21.99	41.35	-14.83	26.19	85.79	1.38	18.74	43.17	-12.14	37.77	68.33	-2.74	18.12	37.41	-10.99	23.89
533	54.75	-2.75	21.72	40.75	-14.97	25.75	84.57	1.11	18.20	41.82	-12.26	36.74	67.54	-2.73	17.61	36.92	-11.15	23.37
534	54.31	-2.40	21.47	40.25	-15.11	25.33	83.27	0.86	17.65	40.49	-12.39	35.72	66.87	-2.73	17.12	36.47	-11.28	22.84
535	53.80	-2.06	21.17	39.67	-15.24	24.93	82.10	0.58	17.12	39.23	-12.52	34.71	66.12	-2.72	16.61	36.08	-11.41	22.34
536	53.42	-1.80	20.91	39.19	-15.36	24.53	80.89	0.32	16.57	37.96	-12.64	33.73	65.46	-2.72	16.12	35.56	-11.52	21.81
537	52.97	-1.55	20.61	38.74	-15.48	24.15	79.71	0.05	16.03	36.70	-12.77	32.75	64.84	-2.72	15.63	35.15	-11.62	21.27
538	52.61	-1.36	20.33	38.24	-15.57	23.79	78.59	-0.21	15.50	35.51	-12.89	31.82	64.22	-2.72	15.13	34.73	-11.72	20.77
539	52.37	-1.22	20.07	37.87	-15.65	23.44	77.44	-0.47	14.96	34.29	-13.01	30.88	63.68	-2.74	14.65	34.33	-11.81	20.23
540	52.02	-1.10	19.77	37.47	-15.71	23.12	76.31	-0.72	14.41	33.17	-13.12	30.01	63.15	-2.75	14.15	33.92	-11.90	19.72
541	51.80	-1.02	19.49	37.11	-15.76	22.82	75.29	-0.97	13.90	32.01	-13.23	29.12	62.65	-2.77	13.66	33.55	-11.98	19.19
542	51.61	-0.97	19.21	36.81	-15.80	22.55	74.20	-1.19	13.36	30.90	-13.33	28.29	62.20	-2.79	13.17	33.22	-12.06	18.68
543	51.42	-0.95	18.94	36.51	-15.81	22.30	73.15	-1.41	12.84	29.77	-13.41	27.47	61.81	-2.82	12.68	32.84	-12.13	18.17
544	51.27	-0.94	18.65	36.26	-15.82	22.07	72.15	-1.62	12.32	28.74	-13.49	26.69	61.40	-2.86	12.19	32.59	-12.21	17.68
545	51.19	-0.97	18.38	36.07	-15.81	21.85	71.10	-1.80	11.80	27.65	-13.55	25.92	61.03	-2.89	11.70	32.27	-12.28	17.18
546	51.19	-1.01	18.13	35.85	-15.80	21.67	70.09	-1.96	11.28	26.60	-13.59	25.19	60.71	-2.93	11.24	32.07	-12.35	16.72
547	51.10	-1.05	17.84	35.69	-15.78	21.49	69.09	-2.11	10.79	25.60	-13.62	24.50	60.40	-2.97	10.76	31.83	-12.42	16.25
548	51.14	-1.12	17.59	35.59	-15.77	21.32	68.07	-2.23	10.29	24.54	-13.63	23.83	60.05	-3.00	10.30	31.66	-12.49	15.81
549	51.26	-1.21	17.36	35.43	-15.75	21.12	67.02	-2.33	9.80	23.63	-13.63	23.23	59.84	-3.06	9.86	31.46	-12.56	15.37
550	51.32	-1.29	17.11	35.40	-15.75	20.92	66.06	-2.42	9.35	22.60	-13.60	22.62	59.53	-3.09	9.42	31.36	-12.63	14.96
551	51.46	-1.38	16.87	35.31	-15.75	20.72	65.02	-2.47	8.89	21.65	-13.56	22.06	59.26	-3.13	9.00	31.21	-12.70	14.55
552	51.66	-1.48	16.65	35.24	-15.75	20.49	64.02	-2.51	8.45	20.70	-13.51	21.49	59.08	-3.18	8.60	31.10	-12.77	14.16
553	51.80	-1.57	16.41	35.19	-15.77	20.25	63.01	-2.53	8.03	19.78	-13.45	20.97	58.79	-3.21	8.20	31.05	-12.84	13.79
554	52.04	-1.67	16.17	35.16	-15.80	20.00	61.98	-2.53	7.61	18.85	-13.37	20.44	58.54	-3.25	7.81	31.00	-12.92	13.43
555	52.27	-1.77	15.94	35.12	-15.84	19.75	60.95	-2.51	7.21	17.96	-13.30	19.96	58.34	-3.29	7.45	30.93	-12.99	13.08
556	52.52	-1.86	15.70	35.10	-15.89	19.48	59.95	-2.47	6.85	17.04	-13.21	19.47	58.09	-3.32	7.09	30.87	-13.06	12.74
557	52.78	-1.95	15.45	35.04	-15.96	19.21	58.90	-2.42	6.47	16.16	-13.12	19.02	57.86	-3.34	6.75	30.89	-13.14	12.44
558	53.01	-2.02	15.19	35.03	-16.03	18.93	57.85	-2.34	6.11	15.28	-13.03	18.56	57.64	-3.37	6.42	30.84	-13.21	12.11
559	53.34	-2.11	14.95	35.00	-16.11	18.67	56.84	-2.26	5.78	14.45	-12.94	18.14	57.37	-3.37	6.09	30.80	-13.28	11.83
560	53.57	-2.17	14.68	34.94	-16.20	18.38	55.89	-2.17	5.45	13.56	-12.84	17.72	57.13	-3.39	5.80	30.80	-13.36	11.56
561	53.87	-2.23	14.41	34.94	-16.30	18.12	54.96	-2.07	5.12	12.73	-12.74	17.31	56.91	-3.39	5.49	30.77	-13.44	11.30
562	54.15	-2.28	14.14	34.89	-16.40	17.85	54.04	-1.95	4.80	11.88	-12.65	16.92	56.65	-3.39	5.22	30.78	-13.52	11.07
563	54.41	-2.32	13.85	34.86	-16.51	17.60	53.18	-1.84	4.50	11.08	-12.56	16.54	56.37	-3.38	4.95	30.67	-13.59	10.84
564	54.67	-2.36	13.57	34.80	-16.62	17.33	52.33	-1.71	4.20	10.29	-12.48	16.17	56.10	-3.37	4.70	30.72	-13.69	10.66
565	54.90	-2.37	13.28	34.80	-16.73	17.09	51.49	-1.58	3.91	9.52	-12.39	15.79	55.79	-3.35	4.47	30.65	-13.76	10.45
566	55.15	-2.39	12.99	34.72	-16.84	16.83	50.66	-1.45	3.64	8.75	-12.30	15.43	55.46	-3.31	4.25	30.53	-13.84	10.27
567	55.34	-2.39	12.70	34.68	-16.95	16.58	49.82	-1.31	3.37	8.01	-12.23	15.10	55.17	-3.30	4.07	30.47	-13.92	10.11
568	55.49	-2.37	12.39	34.61	-17.04	16.33	48.99	-1.16	3.12	7.35	-12.16	14.76	54.81	-3.26	3.87	30.34	-13.99	9.95
569	55.67	-2.36	12.12	34.53	-17.14	16.08	48.20	-1.02	2.89	6.60	-12.09	14.45	54.41	-3.22	3.70	30.21	-14.06	9.80
570	55.78	-2.32	11.82	34.46	-17.22	15.81	47.39	-0.87	2.67	5.99	-12.04	14.13	54.00	-3.17	3.54	30.00	-14.13	9.67
571	55.94	-2.29	11.54	34.38	-17.30	15.56	46.55	-0.71	2.45	5.32	-11.98	13.83	53.65	-3.14	3.41	29.83	-14.18	9.51
572	56.06	-2.23	11.24	34.27	-17.36	15.29	45.78	-0.57	2.27	4.71	-11.94	13.53	53.21	-3.08	3.27	29.54	-14.24	9.40
573	56.25	-2.19	10.96	34.18	-17.41	15.02	45.00	-0.42	2.09	4.17	-11.90	13.25	52.73	-3.02	3.14	29.29	-14.29	9.28
574	56.41	-2.12	10.66	34.05	-17.44	14.74	44.17	-0.26	1.91	3.60	-11.86	12.97	52.30	-2.97	3.02	28.91	-14.32	9.15
575	56.63	-2.07	10.38	33.93	-17.47	14.48	43.46	-0.12	1.77	3.06	-11.83	12.71	51.80	-2.90	2.91	28.60	-14.36	9.05
576	56.80	-2.00	10.09	33.79	-17.48	14.21	42.63	0.04	1.61	2.58	-11.80	12.43	51.31	-2.83	2.80	28.17	-14.38	8.94
577	56.98	-1.92	9.80	33.66	-17.48	13.93	41.87	0.19	1.48	2.12	-11.77	12.17	50.78	-2.75	2.71	27.72	-14.40	8.85
578	57.21	-1.86	9.52	33.47	-17.46	13.67	41.12	0.33	1.37	1.70	-11.75	11.93	50.27	-2.68	2.61	27.23	-14.40	8.74
579	57.40	-1.78	9.25	33.37	-17.45	13.42	40.33	0.48	1.25	1.30	-11.73	11.67	49.69	-2.59	2.52	26.68	-14.40	8.64
580	57.55	-1.70	8.96	33.12	-17.40	13.15	39.56	0.61	1.16	0.95	-11.72	11.45	49.12	-2.50	2.43	26.12	-14.39	8.55
581	57.75	-1.63	8.71	32.94	-17.37	12.93	38.82	0.74	1.09	0.61	-11.70	11.21	48.56	-2.41	2.35	25.49	-14.37	8.45
582	57.90	-1.55	8.44	32.72	-17.31	12.67	38.02	0.87	1.01	0.28	-11.69	10.97	47.89	-2.30	2.27	24.81	-14.32	8.34
583	58.06	-1.47	8.19	32.50	-17.26	12.46	37.27	0.98	0.95	0.00	-11.68	10.76	47.29	-2.20	2.19	24.18	-14.28	8.27
584	58.20	-1.40	7.95	32.21	-17.19	12.23	36.56	1.09	0.90	-0.21	-11.67	10.56	46.65	-2.09	2.12	23.45	-14.21	8.15
585	58.30	-1.31	7.70	31.98	-17.12	12.03	35.82	1.21	0.83	-0.47	-11.66	10.34	45.94	-1.98	2.04	22.67	-14.14	8.05
586	58.44	-1.24	7.47	31.57	-17.03	11.82	35.17	1.32	0.77	-0.70	-11.65	10.14	45.25	-1.86	1.97	21.93	-14.05	7.94
587	58.50	-1.16	7.25	31.31	-16.96	11.63	34.55	1.43	0.71	-0.81	-11.65	9.97	44.52	-1.74	1.91	21.14	-13.95	7.84
588	58.54	-1.08	7.03	30.93	-16.87	11.44	33.97	1.53	0.65	-1.01	-11.64	9.77	43.84	-1.62	1.84	20.31	-13.84	7.72
589	58.64	-1.01	6.82	30.51	-16.78	11.27	33.33	1.65	0.57	-1.08	-11.64	9.60	43.02	-1.50	1.78	19.52	-13.73	7.62
590	58.63	-0.92	6.62	30.07	-16.68	11.07	32.87	1.74	0.51	-1.24	-11.62	9.43	42.30	-1.38	1.73	18.65	-13.60	7.50
591	58.68	-0.86	6.43	29.63	-16.59	10.93	32.36	1.85	0.43	-1.27	-11.61	9.26	41.55	-1.27	1.68	17.87	-13.47	7.39
592	58.63	-0.77	6.23	29.12	-16.49	10.76	31.87	1.95	0.35	-1.33	-11.60	9.10	40.71	-1.14	1.62	17.04	-13.34	7.28
593	58.63	-0.70	6.06	28.61	-16.39	10.60	31.45	2.05	0.27	-1.32	-11.59	8.94	39.90	-1.02	1.58	16.15	-13.20	7.16
594	58.58	-0.63	5.88	28.02	-16.29	10.46	31.07	2.13	0.21	-1.36	-11.57	8.77	39.13	-0.92	1.54	15.36	-13.06	7.04
595	58.47	-0.55	5.71	27.50	-16.20	10.32	30.68	2.24	0.12	-1.29	-11.55	8.60	38.27	-0.80	1.49	14.54	-12.92	6.92
596	58.42	-0.49	5.56	26.87	-16.10	10.18	30.35	2.32	0.06	-1.29	-11.52	8.44	37.47	-0.70	1.46	13.71	-12.78	6.81
597	58.25	-0.41	5.40	26.16	-15.99	10.04	30.07	2.39	-0.01	-1.16	-11.51	8.28	36.64	-0.59	1.42	12.94	-12.66	6.70
598	58.12	-0.35	5.26	25.58	-15.91	9.92	29.72	2.48	-0.07	-1.13	-11.47	8.11	35.77	-0.49	1.38	12.12	-12.52	6.58
599	57.92	-0.29	5.11	24.85	-15.80	9.79	29.54	2.53	-0.12	-1.08	-11.44	7.95	34.98	-0.41	1.36	11.38	-12.39	6.47
600	57.69	-0.24	4.98	24.17	-15.72	9.69	29.28	2.60	-0.18	-0.92	-11.42	7.80	34.13	-0.31	1.33	10.61	-12.27	6.36
601	57.41	-0.18	4.86	23.45	-15.62	9.56	29.10	2.67	-0.24	-0.83	-11.39	7.64	33.32	-0.23	1.30	9.84	-12.15	6.24
602	57.06	-0.12	4.72	22.67	-15.53	9.45	28.93	2.73	-0.30	-0.73	-11.35	7.47	32.50	-0.16	1.28	9.16	-12.04	6.14
603	56.77	-0.08	4.61	21.88	-15.42	9.33	28.84	2.78	-0.35	-0.59	-11.31	7.32	31.67	-0.07	1.25	8.44	-11.92	6.03
604	56.34	-0.01	4.47	21.12	-15.32	9.22	28.72	2.85	-0.42	-0.47	-11.26	7.14	30.91	-0.00	1.22	7.72	-11.82	5.91
605	55.93	0.04	4.36	20.28	-15.22	9.09	28.67	2.90	-0.48	-0.30	-11.22	6.99	30.08	0.07	1.19	7.05	-11.72	5.81
606	55.51	0.09	4.25	19.47	-15.10	8.96	28.62	2.95	-0.54	-0.21	-11.14	6.81	29.36	0.13	1.16	6.37	-11.61	5.69
607	54.97	0.15	4.14	18.66	-15.00	8.84	28.59	3.01	-0.60	-0.03	-11.09	6.64	28.54	0.21	1.12	5.70	-11.53	5.58
608	54.50	0.18	4.05	17.77	-14.87	8.70	28.63	3.04	-0.65	0.13	-11.03	6.48	27.81	0.27	1.08	5.09	-11.46	5.49
609	53.86	0.25	3.93	16.92	-14.74	8.55	28.64	3.09	-0.71	0.23	-10.93	6.28	27.13	0.33	1.05	4.45	-11.36	5.37
610	53.32	0.30	3.84	16.09	-14.61	8.40	28.70	3.12	-0.76	0.42	-10.87	6.14	26.36	0.41	1.00	3.85	-11.30	5.27
611	52.64	0.35	3.73	15.18	-14.47	8.24	28.72	3.15	-0.80	0.54	-10.78	5.96	25.69	0.46	0.95	3.34	-11.24	5.17
612	51.98	0.41	3.62	14.34	-14.31	8.06	28.88	3.16	-0.83	0.68	-10.69	5.80	25.04	0.53	0.90	2.71	-11.18	5.07
613	51.21	0.46	3.52	13.46	-14.16	7.89	28.90	3.19	-0.87	0.78	-10.60	5.63	24.33	0.60	0.85	2.22	-11.13	4.98
614	50.46	0.51	3.42	12.55	-13.98	7.69	29.06	3.18	-0.89	0.92	-10.52	5.48	23.76	0.65	0.80	1.74	-11.09	4.89
615	49.61	0.58	3.31	11.71	-13.82	7.52	29.19	3.18	-0.90	1.01	-10.43	5.34	23.11	0.73	0.73	1.23	-11.04	4.79
616	48.77	0.62	3.22	10.81	-13.65	7.32	29.26	3.19	-0.93	1.12	-10.35	5.20	22.52	0.78	0.68	0.82	-11.02	4.71
617	47.84	0.68	3.11	9.91	-13.48	7.14	29.49	3.16	-0.92	1.24	-10.27	5.07	21.96	0.86	0.62	0.38	-10.97	4.61
618	46.88	0.72	3.01	9.02	-13.31	6.95	29.56	3.16	-0.94	1.24	-10.19	4.95	21.46	0.91	0.57	-0.04	-10.96	4.53
619	45.85	0.78	2.91	8.15	-13.14	6.76	29.76	3.13	-0.93	1.38	-10.12	4.84	20.92	0.98	0.50	-0.37	-10.94	4.45
620	44.85	0.82	2.82	7.27	-12.97	6.57	29.91	3.11	-0.93	1.38	-10.03	4.72	20.45	1.05	0.44	-0.74	-10.90	4.36
621	43.71	0.88	2.72	6.36	-12.81	6.39	30.06	3.09	-0.93	1.46	-9.95	4.62	20.01	1.11	0.38	-1.02	-10.90	4.29
622	42.58	0.93	2.63	5.46	-12.64	6.19	30.29	3.05	-0.92	1.54	-9.88	4.52	19.58	1.19	0.31	-1.30	-10.90	4.23
623	41.45	0.98	2.54	4.63	-12.51	6.02	30.41	3.04	-0.93	1.55	-9.79	4.40	19.21	1.25	0.26	-1.54	-10.88	4.17
624	40.21	1.04	2.45	3.67	-12.35	5.83	30.66	3.01	-0.92	1.59	-9.72	4.32	18.88	1.33	0.19	-1.80	-10.87	4.10
625	38.99	1.10	2.35	2.87	-12.22	5.66	30.81	3.01	-0.93	1.58	-9.64	4.22	18.49	1.40	0.13	-1.96	-10.89	4.06
626	37.79	1.15	2.27	1.94	-12.09	5.48	31.06	2.98	-0.93	1.62	-9.58	4.14	18.25	1.47	0.07	-2.16	-10.89	4.01
627	36.48	1.22	2.17	1.09	-11.97	5.31	31.22	2.98	-0.94	1.60	-9.52	4.06	17.94	1.55	0.00	-2.24	-10.91	3.97
628	35.25	1.28	2.10	0.26	-11.86	5.13	31.46	2.97	-0.94	1.60	-9.46	3.99	17.73	1.63	-0.06	-2.46	-10.92	3.93
629	33.97	1.35	2.01	-0.61	-11.75	4.96	31.61	2.98	-0.96	1.54	-9.41	3.93	17.45	1.72	-0.13	-2.50	-10.92	3.88
630	32.72	1.41	1.94	-1.40	-11.66	4.79	31.79	2.98	-0.97	1.59	-9.37	3.87	17.28	1.79	-0.19	-2.61	-10.94	3.84
631	31.41	1.48	1.85	-2.24	-11.54	4.61	31.93	3.00	-0.99	1.43	-9.34	3.83	17.12	1.87	-0.25	-2.65	-10.96	3.80
632	30.18	1.53	1.79	-3.00	-11.44	4.43	32.10	3.02	-1.01	1.48	-9.31	3.78	16.92	1.96	-0.31	-2.73	-10.96	3.76
633	28.94	1.59	1.72	-3.77	-11.35	4.26	32.21	3.06	-1.04	1.37	-9.28	3.74	16.82	2.05	-0.37	-2.76	-10.97	3.71
634	27.70	1.64	1.65	-4.49	-11.24	4.09	32.39	3.09	-1.06	1.33	-9.27	3.70	16.70	2.13	-0.43	-2.78	-10.98	3.66
635	26.49	1.69	1.60	-5.20	-11.14	3.92	32.45	3.15	-1.11	1.29	-9.26	3.68	16.62	2.21	-0.48	-2.79	-10.99	3.61
636	25.29	1.73	1.54	-5.88	-11.03	3.74	32.54	3.22	-1.15	1.14	-9.24	3.63	16.63	2.28	-0.53	-2.76	-10.98	3.55
637	24.12	1.75	1.49	-6.54	-10.92	3.57	32.66	3.28	-1.19	1.12	-9.24	3.62	16.50	2.37	-0.59	-2.79	-10.98	3.49
638	22.93	1.79	1.43	-7.12	-10.82	3.41	32.67	3.38	-1.24	0.99	-9.24	3.58	16.56	2.43	-0.63	-2.73	-10.97	3.44
639	21.95	1.78	1.41	-7.71	-10.70	3.25	32.76	3.45	-1.28	0.89	-9.23	3.55	16.57	2.50	-0.68	-2.67	-10.95	3.37
640	20.81	1.80	1.36	-8.26	-10.57	3.08	32.76	3.56	-1.34	0.82	-9.24	3.53	16.61	2.56	-0.72	-2.65	-10.95	3.31
641	19.84	1.78	1.33	-8.72	-10.46	2.93	32.80	3.65	-1.38	0.66	-9.23	3.50	16.63	2.63	-0.77	-2.54	-10.93	3.25
642	18.83	1.78	1.29	-9.22	-10.32	2.77	32.76	3.76	-1.43	0.51	-9.24	3.47	16.70	2.68	-0.81	-2.51	-10.91	3.18
643	18.03	1.74	1.28	-9.63	-10.20	2.63	32.72	3.87	-1.47	0.40	-9.23	3.44	16.79	2.73	-0.85	-2.39	-10.90	3.12
644	17.13	1.72	1.25	-9.98	-10.07	2.49	32.64	3.98	-1.51	0.25	-9.24	3.42	16.85	2.78	-0.89	-2.30	-10.89	3.05
645	16.35	1.68	1.23	-10.35	-9.95	2.36	32.58	4.08	-1.55	0.01	-9.22	3.37	16.99	2.82	-0.93	-2.13	-10.91	3.00
646	15.69	1.63	1.22	-10.61	-9.83	2.23	32.44	4.19	-1.58	-0.14	-9.21	3.33	17.09	2.86	-0.96	-2.04	-10.89	2.94
647	14.97	1.59	1.20	-10.86	-9.72	2.11	32.22	4.32	-1.61	-0.34	-9.21	3.30	17.19	2.90	-1.00	-1.86	-10.92	2.89
648	14.42	1.53	1.20	-11.05	-9.60	2.00	32.13	4.40	-1.62	-0.57	-9.20	3.26	17.33	2.92	-1.03	-1.67	-10.95	2.85
649	13.89	1.46	1.19	-11.19	-9.49	1.90	31.84	4.52	-1.65	-0.78	-9.17	3.20	17.52	2.94	-1.07	-1.52	-10.98	2.80
650	13.44	1.40	1.19	-11.31	-9.41	1.81	31.60	4.61	-1.66	-1.07	-9.15	3.15	17.61	2.95	-1.10	-1.28	-11.04	2.77
651	13.02	1.33	1.19	-11.33	-9.31	1.72	31.32	4.71	-1.67	-1.31	-9.13	3.10	17.80	2.96	-1.13	-1.08	-11.10	2.73
652	12.66	1.27	1.19	-11.41	-9.21	1.64	30.98	4.80	-1.67	-1.53	-9.11	3.04	18.00	2.95	-1.15	-0.87	-11.20	2.70
653	12.37	1.20	1.18	-11.32	-9.16	1.58	30.67	4.87	-1.66	-1.83	-9.09	2.99	18.16	2.94	-1.18	-0.65	-11.30	2.67
654	12.11	1.12	1.19	-11.35	-9.05	1.50	30.22	4.96	-1.66	-2.15	-9.04	2.91	18.37	2.92	-1.20	-0.46	-11.41	2.65
655	11.89	1.05	1.19	-11.27	-8.99	1.43	29.84	5.02	-1.64	-2.36	-9.03	2.86	18.59	2.90	-1.22	-0.25	-11.52	2.62
656	11.70	0.97	1.20	-11.21	-8.93	1.38	29.41	5.09	-1.62	-2.68	-8.99	2.79	18.78	2.87	-1.24	-0.08	-11.66	2.61
657	11.49	0.92	1.19	-11.17	-8.83	1.31	28.90	5.15	-1.59	-2.97	-8.96	2.72	19.01	2.84	-1.26	0.11	-11.78	2.59
658	11.31	0.85	1.20	-11.15	-8.76	1.25	28.45	5.19	-1.56	-3.22	-8.93	2.66	19.25	2.80	-1.28	0.24	-11.89	2.56
659	11.11	0.80	1.19	-11.13	-8.67	1.18	27.90	5.25	-1.53	-3.56	-8.88	2.58	19.40	2.76	-1.30	0.43	-12.02	2.55
660	10.87	0.77	1.19	-11.23	-8.57	1.11	27.42	5.28	-1.49	-3.81	-8.86	2.52	19.57	2.72	-1.31	0.48	-12.09	2.52
661	10.58	0.74	1.18	-11.36	-8.47	1.04	26.83	5.33	-1.46	-4.07	-8.82	2.45	19.74	2.67	-1.32	0.57	-12.18	2.50
662	10.17	0.75	1.16	-11.63	-8.35	0.95	26.25	5.36	-1.42	-4.35	-8.79	2.38	19.82	2.62	-1.33	0.56	-12.23	2.46
663	9.74	0.77	1.13	-11.99	-8.22	0.86	25.70	5.40	-1.38	-4.61	-8.74	2.31	19.84	2.58	-1.34	0.52	-12.26	2.43
664	9.04	0.85	1.10	-12.52	-8.07	0.76	25.10	5.42	-1.33	-4.83	-8.72	2.25	19.84	2.50	-1.34	0.33	-12.26	2.37
665	8.25	0.96	1.05	-13.29	-7.89	0.64	24.53	5.45	-1.29	-5.15	-8.66	2.17	19.75	2.44	-1.35	0.16	-12.23	2.31
666	7.25	1.11	0.99	-14.23	-7.69	0.51	23.89	5.48	-1.25	-5.32	-8.65	2.12						
667	5.97	1.32	0.91	-15.52	-7.44	0.34	23.35	5.50	-1.20	-5.56	-8.61	2.05						
668							22.70	5.53	-1.16	-5.83	-8.56	1.98						
669							22.11	5.55	-1.11	-6.04	-8.54	1.93						
670							21.51	5.58	-1.07	-6.27	-8.50	1.86						
671							20.94	5.60	-1.02	-6.55	-8.46	1.81						
672							20.30	5.64	-0.98	-6.72	-8.44	1.77						
673							19.75	5.67	-0.94	-6.99	-8.41	1.71						
674							19.18	5.70	-0.90	-7.24	-8.37	1.66						
675							18.58	5.74	-0.86	-7.47	-8.36	1.62						
676							18.03	5.78	-0.82	-7.69	-8.33	1.58						
677							17.48	5.83	-0.78	-7.97	-8.30	1.54						
678							16.90	5.87	-0.75	-8.23	-8.29	1.51						
679							16.38	5.91	-0.71	-8.43	-8.25	1.47						
680							15.84	5.96	-0.67	-8.70	-8.25	1.44						
681							15.26	6.02	-0.65	-8.96	-8.22	1.41						
682							14.73	6.06	-0.61	-9.18	-8.22	1.38						
683							14.22	6.10	-0.58	-9.43	-8.20	1.35						
684							13.66	6.15	-0.55	-9.64	-8.19	1.33						
685							13.09	6.19	-0.52	-9.90	-8.18	1.30						
686							12.62	6.21	-0.49	-10.06	-8.17	1.29						
687							12.04	6.26	-0.46	-10.27	-8.17	1.27						
688							11.57	6.26	-0.43	-10.46	-8.16	1.25						
689							11.03	6.30	-0.41	-10.65	-8.14	1.22						
690							10.51	6.31	-0.38	-10.72	-8.15	1.21						
691							10.08	6.29	-0.35	-10.96	-8.11	1.18						
692							9.57	6.30	-0.33	-10.96	-8.13	1.17						
693							9.17	6.28	-0.30	-11.09	-8.11	1.15						
694							8.75	6.26	-0.27	-11.16	-8.10	1.13						
695							8.38	6.23	-0.25	-11.15	-8.10	1.12						
696							8.06	6.19	-0.22	-11.17	-8.08	1.10						
697							7.71	6.15	-0.20	-11.13	-8.10	1.09						
698							7.51	6.09	-0.17	-11.08	-8.08	1.07						
699							7.22	6.05	-0.15	-11.03	-8.07	1.06						
700							7.09	5.98	-0.12	-10.90	-8.08	1.05						
701							6.90	5.92	-0.10	-10.80	-8.07	1.04						
702							6.80	5.85	-0.08	-10.65	-8.07	1.03						
703							6.67	5.78	-0.06	-10.55	-8.05	1.02						
704							6.57	5.71	-0.05	-10.41	-8.05	1.01						
705							6.53	5.63	-0.03	-10.30	-8.04	1.00						
706							6.38	5.57	-0.02	-10.23	-8.01	0.99						
707							6.30	5.48	-0.00	-10.13	-8.00	0.98						
708							6.12	5.42	0.00	-10.19	-7.94	0.95						
709							5.91	5.36	0.02	-10.24	-7.90	0.93						
710							5.65	5.30	0.03	-10.38	-7.83	0.89						
711							5.20	5.27	0.04	-10.62	-7.75	0.84						
712							4.77	5.22	0.05	-11.05	-7.62	0.78						
713							4.02	5.23	0.06	-11.47	-7.52	0.72						
714							3.20	5.23	0.07	-12.19	-7.32	0.61						
715																		
716																		